10000
0 7232
0 1
0 33
0 161
0 2
0 35
0 7267
0 228
0 1252
0 8617
0 49
0 51
0 60
0 9822
1 7
1 39
1 217
1 14
1 62
2 66
2 530
2 562
2 3
2 4
2 5
2 21
2 6
2 71
2 27
2 8734
3 657
3 709
3 294
3 1270
3 2057
3 142
4 144
4 387
4 134
4 55
4 7225
4 10
4 12
4 140
4 7517
5 32
5 962
5 1810
5 259
5 916
5 3573
5 24
5 9
5 812
6 864
6 50
6 195
6 68
6 6340
6 38
6 91
6 237
6 2045
6 2317
7 37
7 8
7 40
7 362
7 11
7 139
8 672
8 19
8 517
8 599
8 43
8 13
8 47
9 128
9 2103
9 72
9 184
9 728
9 4045
10 119
10 3479
10 328
10 474
10 1564
10 1709
10 15
11 17
11 18
11 118
11 615
11 1865
11 2283
11 30
12 257
12 211
12 20
12 312
12 4104
12 569
12 26
12 2314
12 1436
12 574
13 928
13 561
13 70
13 663
13 57
13 4697
13 124
13 46
14 9633
14 147
14 163
14 117
14 694
14 2106
14 3834
14 222
14 494
14 1183
15 16
15 146
15 6819
15 264
15 268
15 1053
16 6628
16 8517
16 41
16 4538
16 78
17 80
17 292
17 535
17 315
17 892
17 6605
17 110
17 302
17 31
18 1328
18 180
18 121
18 185
18 201
18 155
18 204
18 5149
19 1505
19 563
19 22
19 374
19 25
19 219
19 1773
20 660
20 23
20 3594
20 1819
20 44
20 2383
21 4194
21 440
21 92
22 48
22 52
22 101
22 213
22 86
22 4250
22 77
23 628
23 2100
23 1576
23 3240
23 1757
23 95
24 96
24 304
24 193
24 3553
24 6377
24 158
25 545
25 2775
26 34
26 4316
27 83
27 2164
27 741
27 28
27 29
28 69
28 3431
28 58
28 346
28 141
28 1533
28 1006
29 85
29 966
29 56
29 3820
29 366
29 9454
30 5572
30 5178
30 335
30 3423
31 644
31 3285
31 1015
31 61
31 318
31 8142
32 82
32 770
32 216
33 2576
33 610
33 8420
33 347
34 3024
34 3664
34 36
34 7316
34 1591
34 252
34 572
34 365
34 94
35 1728
35 2545
35 6915
35 565
35 2389
35 874
36 1091
36 100
36 500
36 102
36 3768
36 954
36 253
36 542
36 8430
37 241
37 148
37 1461
37 407
37 1980
37 6046
37 2191
38 67
38 1558
38 42
38 3260
38 45
39 704
39 178
39 2900
39 1222
40 6980
40 138
40 2222
41 752
41 454
41 231
41 280
41 73
41 1529
42 224
42 5904
42 65
42 1266
42 5191
42 6583
42 4349
43 2560
43 5120
43 3489
43 371
43 54
43 151
43 4090
44 4469
44 566
45 2624
45 210
45 232
45 3579
46 129
46 1570
46 2723
46 9460
46 4663
46 104
46 3129
46 188
46 2781
46 4622
46 9359
47 149
47 985
47 764
48 951
48 2667
48 5580
48 798
49 53
49 133
49 405
49 647
49 936
49 6680
49 123
49 63
49 239
50 293
50 2373
50 2071
50 4781
51 209
51 2257
51 132
51 74
51 2378
51 189
52 176
52 427
52 939
52 4059
53 240
53 81
53 127
54 162
54 84
54 1973
54 9770
54 59
55 832
55 99
55 4005
55 3498
55 269
55 5789
56 208
56 194
56 3202
56 277
56 1321
56 5481
56 426
56 462
57 64
57 1280
57 642
57 3522
57 246
57 330
57 990
57 1518
58 835
58 392
58 2539
58 621
58 1583
59 961
59 7907
59 214
59 250
59 654
59 479
60 867
60 89
60 126
60 959
61 6345
61 236
61 830
62 3457
62 1125
62 8055
62 729
62 202
62 75
62 76
63 2480
63 98
63 338
63 5017
63 4651
63 109
64 1221
64 1942
64 7577
64 587
64 125
64 2767
65 1140
65 9830
65 153
65 537
65 633
66 7089
66 710
66 1654
66 135
66 423
66 1758
66 639
66 927
67 1888
67 182
67 263
67 168
67 2312
67 1935
68 112
68 837
68 790
68 87
68 105
68 4825
69 2288
69 1569
69 6629
70 164
70 612
70 597
70 8167
70 88
70 1035
70 637
70 607
71 897
71 980
71 998
72 7168
72 2146
72 7412
72 1017
72 6427
72 7501
72 79
73 90
73 1278
74 9273
74 5162
74 879
75 3424
75 6818
75 1349
75 2582
75 9606
75 809
75 234
75 4751
77 1361
77 3174
77 137
77 2873
77 203
78 1027
78 2917
78 4920
78 795
78 205
78 1133
78 1887
79 1250
79 6163
79 9174
79 472
79 238
80 544
80 8829
81 1233
81 106
81 458
81 8764
82 288
82 641
82 482
82 115
82 532
82 297
82 381
82 1390
83 1148
83 93
83 221
84 150
85 256
85 756
85 2486
86 336
86 1396
86 1285
86 313
86 107
86 207
87 3667
87 181
87 425
87 154
88 1443
88 1060
89 2336
89 2871
89 331
89 507
90 880
90 6098
90 260
90 183
90 200
90 5323
91 320
91 275
91 691
91 583
92 130
92 243
92 4771
92 1480
92 762
93 518
93 218
93 558
94 624
94 659
94 198
94 5607
94 6649
94 2427
94 220
94 7839
95 753
95 881
95 103
95 2487
95 536
95 2747
95 5693
95 7999
96 97
96 3745
96 4454
96 2889
97 439
97 824
97 525
98 354
98 7957
98 345
98 1099
98 108
98 156
98 5134
98 5055
98 7503
99 352
99 177
99 5379
99 215
99 5500
99 655
100 179
100 122
100 6142
100 159
101 772
101 2500
101 409
101 382
102 245
102 933
102 281
102 316
102 1870
103 2532
104 113
104 6737
104 546
104 9660
104 463
105 3904
105 111
106 114
106 658
106 580
106 2980
106 247
106 2186
106 5834
106 411
106 2139
107 1028
107 326
107 136
107 3513
107 143
108 5382
108 152
108 172
109 160
109 145
109 1955
109 343
109 296
109 2511
110 5107
110 116
110 1364
110 7933
110 894
111 400
111 417
111 199
112 386
112 1746
112 852
112 170
112 732
112 2590
113 929
113 1858
113 3511
113 169
113 8026
114 2518
114 187
114 317
114 1213
115 2884
115 325
115 157
115 766
115 175
116 1729
116 1333
116 120
116 490
116 332
116 1597
117 1042
117 308
117 265
118 488
119 701
119 8895
120 2945
120 3138
120 3239
120 344
120 314
120 255
121 7639
121 2537
121 3147
121 1468
121 173
122 464
122 593
122 229
122 8761
122 171
122 284
122 4845
123 1254
123 9482
124 131
124 740
124 828
124 4269
124 8414
125 2935
125 424
125 6730
125 2060
126 7120
126 3587
126 349
126 557
126 2717
126 3279
127 1730
127 613
127 167
127 475
127 748
127 303
128 5713
128 242
128 5124
128 6647
128 1983
129 226
129 1298
129 813
130 2048
130 227
130 348
131 4523
131 1085
132 1107
132 197
132 3061
132 2012
132 350
133 8149
133 408
133 2395
133 174
133 1567
134 5687
134 2744
134 3245
134 9453
135 290
135 4274
135 196
135 662
135 410
136 1459
136 1118
136 4990
137 1314
137 1225
138 1200
138 2132
138 3737
138 1787
138 2044
138 2911
139 1153
139 8403
139 759
139 570
139 1115
140 2227
140 276
140 1702
140 5510
141 789
141 3615
142 272
142 6488
142 3257
143 3156
143 5476
143 5247
144 2931
144 1753
144 6829
145 9847
145 1930
145 443
145 1611
145 4524
145 8158
146 1590
146 376
146 235
146 699
146 301
146 685
147 1521
147 2468
147 1178
147 3322
147 955
148 7952
148 274
148 499
148 357
148 2108
149 1040
149 453
149 186
150 403
150 261
150 503
150 9647
151 2790
151 1351
152 2470
152 664
152 3913
152 2922
153 722
153 3895
153 5423
154 2498
154 2578
154 1540
154 166
154 1145
154 251
154 190
155 1578
155 2442
155 7743
156 1536
156 5796
156 1079
156 3448
156 476
156 270
157 2417
157 6514
157 5845
157 782
158 882
158 278
158 889
159 3121
159 286
160 165
160 921
160 554
161 3651
161 1720
161 942
162 452
162 233
162 2846
163 7575
163 2538
163 651
164 192
164 1616
164 869
164 6089
164 619
165 1872
165 1442
165 820
165 249
165 2733
166 595
166 391
166 254
167 2961
167 1842
167 3732
167 4244
168 322
168 519
169 8225
169 8292
169 455
170 611
170 1189
170 982
170 4583
170 2473
171 8080
171 434
171 1687
171 1128
172 1523
172 551
172 9195
172 206
173 450
173 1475
173 1196
173 846
174 6164
174 1958
174 300
175 3442
175 358
175 7625
175 6972
175 1021
175 6798
176 738
176 1138
177 3186
177 6899
177 5975
177 3611
178 2928
178 3601
178 5496
178 5132
179 4241
179 7681
179 4946
179 2454
179 856
179 2382
180 1177
180 266
180 9021
181 592
181 689
181 693
181 447
182 1220
182 1737
182 991
183 258
183 420
183 361
183 6425
183 5246
184 375
184 5037
185 385
185 6370
185 596
185 2711
185 285
185 1341
185 1343
186 821
186 2501
186 3062
186 8408
186 6441
186 8074
186 543
187 1121
187 4419
187 2153
188 368
188 576
188 1457
188 868
188 696
188 9356
188 333
188 638
189 1905
189 1682
190 468
190 309
190 1303
190 1658
190 363
190 191
191 402
191 556
191 9262
192 5712
192 4451
192 9624
192 749
192 877
193 3681
193 4225
193 1347
193 2675
193 1048
193 267
193 3391
194 2218
195 945
195 978
195 282
195 907
195 540
196 3798
196 471
196 2632
197 2849
197 3729
197 419
197 1542
197 1336
197 815
198 225
198 353
198 212
198 327
198 473
199 608
199 548
199 873
200 692
200 6916
200 533
201 6689
201 9492
202 230
203 5365
203 2168
203 364
204 627
204 388
204 248
204 8136
205 3828
205 7669
205 2666
205 859
205 271
206 2145
206 4899
206 4360
206 1519
207 1925
207 1647
207 7135
208 456
209 1275
210 1825
210 706
210 8823
210 1836
210 5324
210 287
211 560
211 674
211 262
211 4359
211 760
211 491
212 649
212 2377
213 1304
213 4155
213 814
213 223
214 436
214 6555
214 446
214 878
214 8847
215 1174
215 2024
215 5465
216 370
216 5434
217 4800
217 7280
217 2673
217 843
217 1613
218 321
218 306
218 1496
218 2521
218 1163
219 2944
219 1165
220 1156
221 3603
222 2290
222 979
222 1095
222 3721
222 3514
222 1293
223 755
223 1300
224 2840
224 3916
225 9936
225 8243
225 379
226 432
226 244
226 2039
226 2075
226 1612
226 2557
227 289
228 2384
228 516
229 4433
229 5596
230 356
230 395
230 2252
230 717
231 528
231 6050
231 739
231 2246
231 6231
231 3470
232 305
232 3267
232 393
232 4073
232 1834
232 5035
232 414
232 526
232 831
232 1103
233 834
233 467
233 310
233 422
233 1239
234 3764
234 3029
234 1016
234 1626
235 1571
235 2542
236 2160
236 521
236 553
236 2651
237 1074
237 4122
237 1915
238 5194
238 4092
239 2049
239 355
239 797
240 1104
240 2301
241 609
241 438
242 360
242 3096
243 2832
243 7994
243 4764
244 5665
244 279
244 1404
245 319
245 3695
246 481
246 8650
246 5039
247 3795
247 886
247 7191
247 905
247 1565
247 8797
247 8510
247 495
248 3980
249 4566
249 9417
249 8191
250 2023
251 307
251 9079
252 337
252 3586
252 2046
252 3662
253 384
253 273
253 3889
253 8257
253 5460
253 758
253 1962
254 898
254 601
255 1543
255 1895
255 7705
255 1150
256 6704
256 987
257 2912
257 329
257 2025
257 4041
257 298
257 8476
257 398
257 4815
258 549
258 1781
258 606
258 383
259 5579
259 492
259 3038
260 339
260 726
260 6726
260 8582
260 1143
260 5085
261 1488
261 466
261 291
261 584
261 2076
261 829
261 2094
262 9872
262 487
262 7436
262 7853
263 3952
263 513
263 1186
263 777
263 283
263 399
264 4699
264 1759
265 995
265 7779
265 1610
265 1022
266 9968
266 1014
266 1240
266 4268
266 5757
267 923
267 588
268 341
268 502
268 311
268 1389
268 2990
269 2585
269 2221
270 2084
270 501
270 4854
270 295
270 3739
270 3981
270 2895
271 6359
271 1821
271 2477
272 2642
272 470
272 4522
272 2235
272 509
273 340
273 4921
273 4891
274 632
275 3346
275 3835
275 431
276 1908
276 5256
276 299
276 1453
276 750
277 969
277 5675
277 1487
277 4239
278 2053
278 1900
278 2238
279 721
279 2772
279 791
279 7308
280 4625
280 421
280 682
281 747
281 2459
282 2035
282 635
282 1742
283 4976
283 342
283 924
283 397
283 461
283 2253
284 4401
284 3382
284 2601
285 5961
285 2958
286 416
286 571
286 493
286 1934
287 4662
287 5095
288 323
288 2618
289 3555
289 2964
289 744
289 1832
290 3040
290 9626
290 4607
291 6579
291 2254
292 1234
292 631
292 5721
292 351
293 406
293 6475
294 4689
294 2547
294 808
294 1102
295 8151
295 8014
297 451
297 359
297 3400
297 3818
297 909
298 626
298 6114
298 3139
298 9868
299 1232
299 9031
299 826
300 976
300 1778
300 4600
300 334
301 836
301 6102
301 7063
302 5028
302 1725
302 2157
302 8687
303 960
303 9217
303 418
303 3602
303 390
304 577
304 1785
305 1920
305 1329
305 324
305 444
306 373
306 986
306 1547
306 1532
306 5981
307 645
307 6453
307 428
307 1791
308 3488
308 817
308 1490
308 5657
309 404
309 2086
309 3142
309 6086
310 4160
310 3347
310 4470
310 1738
310 3661
311 1249
311 1861
311 9276
311 1230
312 1426
312 661
312 5461
312 2874
313 5920
313 1428
313 581
313 677
313 1544
313 1018
313 1966
314 6240
314 2181
314 1340
314 2605
316 1046
316 552
316 5801
316 7003
317 4325
317 1482
317 459
317 9726
317 415
318 489
319 2839
319 541
320 6642
320 7877
320 9047
320 460
321 629
321 9863
321 510
321 2734
322 768
322 1629
322 5487
323 802
323 4354
323 2549
323 5176
323 3481
324 690
324 586
324 7950
325 604
325 989
325 1181
325 1311
326 2285
327 4642
327 735
328 774
328 4511
330 9527
330 1067
331 3232
331 4624
331 6594
331 6885
331 1101
332 785
332 2372
332 534
332 1910
332 1527
332 5304
332 2621
332 5725
332 910
332 9535
333 1683
333 3189
333 568
333 684
333 8719
334 483
334 2740
334 539
334 6238
335 514
335 2402
336 1348
336 7044
336 1159
336 8505
336 941
336 7262
337 433
337 4180
337 1054
338 2659
338 2808
338 442
338 1981
338 430
339 5441
339 1141
339 3545
339 4859
340 5385
340 3643
341 1383
341 6429
341 1326
342 1155
342 1317
342 1511
343 678
344 1109
344 3623
344 1722
344 7611
345 2009
345 412
345 1517
346 2600
346 9358
347 567
347 1065
347 1503
348 1829
348 6886
349 1206
349 6269
349 8879
350 5000
350 1113
350 1531
350 6107
350 380
351 9542
351 504
351 5529
351 445
351 4717
352 1586
352 372
353 369
353 2193
353 5111
353 378
353 669
354 497
354 9078
355 8226
355 1562
355 2461
355 2845
355 4462
356 5655
356 794
356 1084
356 5503
357 4892
358 547
358 2089
358 2620
359 1639
359 6983
360 775
360 6636
361 1057
361 5810
361 5639
361 9320
361 2059
361 3006
361 687
362 1357
363 394
363 429
364 1180
364 3612
365 2070
365 967
365 377
365 670
365 367
366 7261
367 2118
368 2787
368 725
368 1526
368 4089
368 2319
369 9505
369 9301
369 1289
369 2825
370 2325
370 5436
370 1421
371 833
371 5671
371 520
371 5803
372 656
373 9456
373 2019
373 630
373 5615
374 5297
375 2000
375 5253
375 3258
375 603
376 1684
376 389
376 8778
377 6001
377 676
377 2452
377 2359
377 4455
378 3401
378 1710
379 679
379 8775
379 5977
379 6233
379 3804
379 6381
380 8329
381 478
381 4926
381 2015
382 2369
382 2611
382 2727
383 8724
383 9064
383 4157
383 6590
385 7424
385 437
385 872
385 8970
385 3468
386 1953
386 8291
386 804
386 3529
386 620
387 646
387 742
387 2374
387 4582
387 5353
387 6057
387 9867
387 1502
387 1039
388 2354
388 396
389 1618
389 2943
390 1073
390 6534
390 1003
390 413
391 2612
391 1606
391 1671
391 681
392 1072
392 1124
392 616
392 6493
392 2783
393 1609
394 776
394 1097
394 3001
394 7689
394 683
394 700
395 2309
395 8997
395 5065
395 1594
395 2479
396 449
396 465
396 1201
396 8691
396 650
396 9547
396 2398
397 401
397 1346
398 6467
398 9947
399 3337
399 938
399 2703
400 7169
400 435
400 708
400 1325
400 2701
401 8465
401 1813
401 2117
402 1546
402 1037
403 1169
403 643
403 9769
403 1659
403 477
403 1310
404 2176
404 5908
404 8987
405 769
405 1043
405 441
405 6409
405 718
406 578
406 485
406 733
407 3430
407 511
408 1089
408 2819
408 6457
408 1435
408 1276
408 2862
409 5664
409 3127
409 1434
410 1476
410 652
410 847
411 1033
411 1307
411 668
412 1697
412 8165
412 952
412 2249
412 1402
412 7819
413 4704
413 884
413 703
414 666
415 9586
415 5495
416 3906
416 505
416 3483
416 3309
417 3493
417 974
417 1614
418 2993
418 486
418 6633
418 9038
419 529
419 1751
419 845
420 4675
421 512
422 469
422 727
422 8439
423 5075
423 3690
423 6127
423 6255
424 8343
424 730
424 1130
424 2202
425 4792
425 9308
425 925
426 2002
426 3378
426 5878
426 8029
427 2067
427 9171
427 1878
427 1111
427 602
427 7178
428 3763
428 2004
428 1205
428 825
429 5673
429 2188
429 653
429 7453
430 8480
430 5889
430 1798
430 6924
431 675
431 1491
431 4807
431 457
432 6889
432 971
432 524
432 861
433 3104
433 1353
433 7433
433 3210
434 885
434 1243
434 860
434 1628
435 705
435 1204
435 8725
435 6122
435 4940
435 4061
435 1743
436 1713
436 3413
436 508
437 7922
437 1331
437 1716
437 3727
439 7060
439 773
440 448
441 805
441 1096
441 3323
441 4844
441 5743
442 1603
442 564
442 2198
442 9928
442 522
442 2219
442 5676
442 4861
443 484
444 2368
444 550
444 3740
444 527
445 6944
445 2506
445 715
445 844
445 2972
446 1299
447 4291
447 9815
447 6571
447 7435
448 3384
449 4769
449 585
449 1690
450 480
450 2018
450 5474
450 3228
451 5794
451 1735
452 5251
452 1381
452 1999
452 9615
453 4870
453 1465
453 765
453 1263
454 2934
454 3606
454 4102
454 1132
454 4222
454 2287
455 2005
455 743
455 2568
455 2074
455 6492
455 6349
456 800
456 7136
456 2130
456 1430
456 3351
456 6954
457 1914
457 5358
458 496
458 5344
458 6422
458 605
458 622
458 4094
458 9375
459 688
459 582
459 4710
459 2201
460 1714
460 3067
460 4331
460 8990
461 848
461 4176
461 3701
461 793
462 1386
463 2870
463 3710
464 6336
464 531
465 515
466 9942
466 1223
466 2058
466 1660
467 498
467 2390
467 6671
468 1477
468 8316
469 2003
469 1045
469 1485
469 3565
470 1092
470 5401
470 6185
470 1933
471 724
471 4262
472 1879
472 7642
473 3010
473 6646
474 1830
475 5832
476 1269
476 1413
477 7028
477 618
478 788
478 8012
479 992
479 538
480 1136
480 913
480 1417
480 778
481 1110
481 3563
481 1308
482 7319
482 680
482 908
483 6025
483 590
484 2052
484 1897
484 7309
484 1295
485 8161
485 1083
486 1584
486 3600
486 2780
487 5186
487 2460
488 2861
489 1561
490 2356
490 3367
490 1951
491 6560
491 931
491 3050
492 2177
492 4226
492 6691
492 7337
492 506
493 1168
493 3875
493 600
493 1593
493 523
493 763
493 573
493 6237
493 5758
494 865
494 993
494 2491
495 4739
496 1377
497 4134
497 1418
497 1023
498 2441
498 2029
498 6655
499 736
499 2596
499 5813
499 667
499 719
501 2625
501 7587
501 1734
502 883
502 8735
503 3817
503 2155
504 3621
504 2358
505 784
505 4257
506 3055
507 1296
507 876
508 1012
508 1199
509 8485
509 617
510 1120
510 1217
510 2833
510 2280
510 1052
510 2764
511 3216
511 5409
511 1350
511 4121
511 1515
511 3179
511 2956
511 591
512 2918
512 6218
513 900
513 2648
513 1070
514 4368
514 2062
514 5982
515 4213
515 8757
516 2243
516 8019
516 5190
516 3063
516 3449
516 1693
516 5101
517 4849
517 8100
518 4506
519 1368
520 636
520 686
520 975
521 3168
521 811
521 1867
521 9804
521 6591
522 754
522 787
522 9672
522 5822
523 579
523 555
523 3211
524 2497
524 918
524 807
524 2169
524 2523
525 7217
526 2809
526 5196
527 4758
527 1114
528 4992
528 6049
528 2163
528 799
529 2376
529 6041
529 890
530 737
530 1666
530 6020
530 1302
530 840
530 4152
530 5327
531 6851
531 3684
531 1929
531 7499
532 9157
532 2232
533 1681
533 9924
533 4700
533 1405
535 1238
535 5374
536 9201
536 964
536 1807
537 4296
537 1657
537 5817
538 1648
538 594
538 3287
538 922
538 7149
538 559
539 9177
539 3754
539 6060
540 1793
540 4819
540 5831
541 1972
541 2718
542 851
542 1332
542 1077
542 1771
543 1538
543 7708
543 2575
544 9671
545 1748
546 1008
546 3974
546 5087
548 707
548 8996
548 2166
548 7019
548 2284
549 6960
549 1410
549 4634
550 720
550 896
550 625
550 1000
550 796
550 1374
551 5112
551 7566
552 2720
552 4608
552 761
552 575
553 2162
553 5573
554 1267
554 2613
554 1367
554 1399
554 1388
555 1747
555 746
555 3931
555 1932
555 893
555 6990
555 5135
556 822
556 695
557 2386
557 3170
557 9365
557 2838
558 1318
558 6668
558 1166
558 1406
559 849
559 1625
560 8017
560 901
560 3066
560 6474
561 673
561 7317
561 589
561 1134
562 614
562 6923
562 2381
563 9426
563 9158
563 1319
563 1752
563 3150
564 5408
564 2001
564 4627
564 2276
564 2550
565 4918
565 3549
565 1087
566 4504
566 3290
566 4668
567 7971
567 2438
567 1545
567 2282
569 914
569 3157
569 3286
569 2167
569 7114
569 1119
570 8506
570 1212
571 6532
572 1344
572 7313
572 1637
572 4141
573 7392
573 3330
573 5189
573 4983
573 2088
575 899
575 4202
577 2403
577 3417
578 9857
578 5602
578 598
578 1373
579 1282
579 5066
579 7405
580 1139
580 2697
581 640
581 1622
581 3402
581 2445
581 4221
582 5953
583 2097
583 3092
583 839
584 870
584 2216
584 3307
584 2636
585 2916
585 665
585 1420
585 2463
586 1064
586 1854
587 2102
587 3046
587 8056
587 2413
587 7021
588 3360
588 4306
588 9027
588 1525
588 9541
588 4358
588 5207
588 9240
588 6607
589 944
589 803
589 3368
590 4017
590 4417
591 3137
591 1059
591 1460
591 2742
591 4806
591 1512
591 4857
591 9017
591 1131
591 863
591 1871
592 3049
592 3226
593 5158
593 1452
594 3872
594 7462
596 5842
596 3572
596 3482
597 801
597 2962
597 4499
597 838
597 2366
598 2690
598 3635
598 4218
598 1885
598 1279
600 2439
601 981
601 1655
601 3191
601 697
601 1449
601 779
601 3420
602 2022
602 2924
602 623
603 8377
603 698
604 1127
604 2887
604 2457
605 1632
605 819
605 6022
605 8950
605 1068
606 1537
606 2769
606 1636
606 1835
607 713
608 2304
608 2331
608 6718
610 8530
610 3531
611 4548
611 648
611 6744
611 906
612 1334
612 1366
612 1241
612 4991
613 2080
615 5575
615 792
615 2281
615 1355
616 1108
616 7510
616 3178
616 2190
617 8144
617 1940
617 887
617 6622
618 1158
618 8107
618 1790
619 3907
619 634
619 3533
619 3982
620 1026
620 8391
620 1049
620 7965
621 5924
621 8614
621 810
621 9467
622 1926
622 1974
623 1385
623 3993
624 2465
624 7511
624 7816
625 1082
625 2173
625 9629
626 3986
626 3241
627 5237
627 5274
628 6784
628 1236
628 1860
628 8822
628 2264
629 1161
629 1194
629 958
629 5951
630 2434
630 2072
631 827
631 1804
632 4801
632 1669
632 9110
632 711
632 2471
632 7882
632 7275
632 2286
633 816
633 1094
633 5960
633 8795
634 7154
634 2661
635 6739
635 4101
635 3081
635 1214
635 7070
636 7331
636 2614
636 671
637 1937
638 5909
638 1615
639 3041
639 1588
640 712
640 4088
640 7432
640 5452
641 1507
641 2199
642 2496
642 7649
642 8708
642 1541
642 2027
642 3613
642 2623
642 7407
643 3399
643 3528
643 5416
643 6682
644 2144
645 1445
645 5271
645 9354
645 716
645 1838
645 2078
645 3790
646 2672
646 1123
646 5651
646 2260
646 875
646 8315
646 862
646 3007
647 1144
648 5380
648 745
648 4795
648 3532
649 1098
649 5770
649 1839
650 1076
650 731
650 1708
651 2913
651 5985
652 1184
652 8753
652 940
652 2828
652 3229
652 9391
653 4352
653 7648
653 6440
653 9277
654 6257
654 4372
654 5356
655 1075
656 1093
656 1197
658 1841
658 786
659 1826
659 4452
659 2327
659 988
660 4794
660 3227
661 977
661 2707
662 4288
662 3461
662 4683
662 5486
663 1601
663 5299
663 5723
664 6932
665 930
665 3128
666 2099
666 9540
666 1717
666 7685
666 1001
666 1261
667 917
667 1670
667 4010
667 895
668 7605
668 783
669 3271
669 2847
670 1025
670 1411
670 3443
670 9574
670 2263
670 1528
670 8027
671 4275
671 1301
671 2988
672 3310
673 9889
673 723
673 5302
673 3546
674 1152
674 2821
674 857
675 1650
675 2991
676 6064
676 1142
676 5470
676 6414
676 3711
677 1264
677 1936
677 1812
677 1061
677 1672
677 8155
677 4285
677 1902
677 3102
678 2274
678 8979
678 1034
678 1596
678 2892
678 1535
679 2592
680 965
680 5915
681 6802
681 983
681 3319
681 1401
682 2187
682 1182
683 4310
683 1207
683 3530
683 4426
683 5903
684 2706
684 2409
684 734
685 714
686 1029
687 2185
688 1376
688 1382
688 1638
689 2668
689 5054
690 7171
690 1175
690 2136
690 1193
690 1309
690 2013
690 9423
691 3637
691 6840
692 1345
692 5814
692 1642
693 702
694 1765
694 9134
696 3683
696 9556
696 6092
696 1678
697 1105
697 6433
697 7327
698 4725
698 1032
698 5647
699 1506
699 3942
700 5026
700 6637
701 7805
701 8590
702 5680
702 2329
702 5886
703 8129
703 866
703 1237
703 6262
703 7177
704 1392
704 8928
704 6158
705 2250
705 1020
705 1229
706 5793
706 2685
706 6221
706 9855
707 1284
707 1272
707 1306
707 3725
708 1473
708 2815
709 1440
711 823
711 2760
711 3372
712 8277
712 1534
714 1313
714 1362
715 6908
716 5029
716 2619
716 1228
717 4040
717 3385
717 7450
718 1315
719 4962
719 4747
720 3808
720 4563
720 4821
721 5168
721 2691
722 2338
722 1877
722 767
723 4496
723 1031
723 4056
723 5082
724 912
724 4732
724 2414
725 8258
725 3492
725 920
726 2437
727 1316
727 5454
728 4098
728 7460
728 6630
729 1090
729 757
729 1370
730 1425
730 1437
730 5775
730 9071
731 1633
731 1947
731 1244
731 973
731 926
732 2129
732 902
732 1398
732 1559
733 2055
734 5270
734 5918
736 3538
736 2262
736 1852
737 2293
738 2509
739 8787
739 6710
739 9339
739 9710
740 1489
740 3364
740 1653
741 7216
741 9216
741 1554
741 903
742 4293
743 5238
743 1483
743 9343
744 8804
744 5880
744 1419
745 7747
745 1847
746 2804
746 5371
747 1211
747 1516
747 751
748 2352
748 8483
748 858
749 1078
750 1170
750 771
750 4613
750 1772
750 7278
751 7314
751 1173
751 3288
751 3195
752 9617
752 850
752 1956
752 3207
753 1864
753 1833
753 4782
753 5694
753 1247
754 968
754 1466
754 1802
754 911
754 1327
755 2770
755 999
755 2393
756 6495
757 3592
757 4009
757 3738
757 1455
758 2192
758 3155
758 1501
759 855
761 2631
762 3277
762 8911
763 6585
763 3070
763 6639
764 6228
765 4880
765 953
765 956
765 8540
766 2834
766 7749
766 3353
766 1231
766 3167
767 1698
767 853
767 841
767 1055
768 1703
768 1975
768 1548
768 2637
768 1823
769 871
770 1585
770 5094
770 842
771 3920
771 4057
771 780
771 8670
772 781
773 1041
773 2530
773 1011
773 9406
777 8580
777 7927
778 1811
778 5369
779 9681
779 818
779 946
779 854
779 1497
780 4272
780 1268
780 5403
781 1088
781 2418
781 4008
782 1904
782 915
782 3668
782 1663
783 1427
783 1582
784 1767
784 3575
784 1258
784 1086
785 4912
785 2110
785 5102
786 970
786 1038
787 2020
787 1126
787 1881
787 7387
788 2502
788 4518
788 2954
789 3169
789 7484
789 1407
790 2802
790 1013
790 9750
790 2300
790 1422
791 9661
791 1662
792 7744
792 8256
792 1777
792 8731
793 1549
794 2064
794 8272
794 5662
795 7072
795 1665
795 5576
796 950
796 1866
797 2693
797 2774
797 9576
797 8062
798 9841
798 6742
798 1151
799 7492
799 5319
799 1371
799 4750
799 1167
800 3728
800 937
800 2302
800 3935
801 2119
801 7627
802 949
802 3496
802 2749
802 5437
803 1504
803 3218
803 8283
803 4495
803 8463
804 994
804 3796
804 1416
804 1481
805 7537
805 4371
805 806
805 4503
805 4906
805 5739
805 8412
806 5108
807 996
807 904
808 2006
808 4168
808 5099
809 4561
809 1369
811 6310
811 5097
812 1265
813 4337
813 1400
813 3771
813 1454
814 4641
814 1796
814 1274
814 2622
815 5890
815 8770
816 8693
816 1800
816 4681
817 1337
818 3253
818 1916
818 8989
819 4211
819 8714
819 3373
820 1044
820 3130
821 1799
821 1656
821 7354
821 1470
821 6014
822 1030
824 947
824 2504
824 4520
825 2699
825 3086
825 3358
826 4547
827 5317
827 1190
827 6681
827 4126
828 5729
828 2050
828 5010
829 3960
829 1964
829 4108
830 4443
830 1917
831 7200
831 1721
831 1002
831 1978
832 3955
832 3510
832 1005
833 6161
833 1106
833 3159
833 3016
833 9963
834 1047
834 3388
834 1550
835 4596
835 919
835 1784
836 1149
836 6558
837 1479
837 1004
838 1154
838 932
840 6007
840 4716
841 2662
841 9126
842 4514
843 1602
843 4068
843 1287
843 3751
844 5092
844 1226
845 6360
845 3436
846 1273
846 1818
846 5260
847 3707
848 2224
848 2616
849 5791
850 1563
850 2315
850 2973
851 2564
851 6911
852 1024
852 7969
852 1172
852 6214
852 888
852 1242
852 3182
852 4638
853 1788
853 957
853 6701
854 1808
854 1080
854 4063
855 1732
855 934
855 2239
856 5357
857 6625
858 7276
859 1686
860 6969
860 6958
861 3839
863 1667
863 1277
865 1192
865 8360
866 1122
866 891
866 2030
867 1464
867 1679
867 4383
868 1305
868 1998
869 963
869 4931
869 948
869 2957
870 8101
871 4067
871 997
871 5333
872 1668
873 6946
873 6371
873 5669
873 4312
874 8497
874 2548
875 6346
875 3742
876 1510
877 5212
878 2823
879 7984
879 3098
879 3903
880 1456
880 2038
880 9899
881 1712
881 6867
883 1271
883 1595
884 5939
884 9494
884 935
884 3975
884 3562
886 1224
886 9674
887 5345
887 1923
887 1831
888 3523
888 2969
888 1931
889 1009
889 4323
889 5685
889 3113
890 4928
891 2096
891 1797
892 2113
892 7207
893 3246
893 4847
894 1058
894 8595
894 1051
895 6002
896 2375
897 9603
897 3860
898 5030
899 1840
899 1185
899 8242
900 2150
900 1726
901 8288
901 7475
901 3620
902 3012
902 3702
902 6953
903 3219
903 2696
903 8873
903 7101
903 943
904 7271
904 1324
905 6038
906 5424
906 4606
907 2406
908 9205
908 984
908 6762
909 1444
909 1896
909 1944
909 8361
911 4645
911 3031
911 3225
912 3217
912 3718
912 2056
912 5001
912 6635
912 2270
913 6482
913 2014
914 1063
914 3801
915 1699
915 1524
915 2133
915 1450
915 2220
916 6612
916 1246
917 3924
917 4804
917 4248
918 3474
918 7380
919 9524
919 1071
920 2323
920 9305
921 1792
922 1056
922 6509
923 2114
923 1414
923 6061
924 8994
924 1736
925 7617
925 2516
925 7223
925 3802
926 6678
926 6985
927 1689
927 3418
927 7054
928 1761
928 2143
929 9073
929 6404
930 1557
930 3161
930 1066
931 1845
931 2223
931 5311
932 4304
932 1160
932 1817
933 4835
934 7525
934 1433
934 2010
935 1320
935 4554
935 6766
936 5393
936 1641
937 6032
938 7876
938 1255
939 1235
939 3370
940 5523
940 3719
940 3289
940 4490
941 6951
942 1478
942 1129
942 1259
943 3203
943 2068
943 2165
943 6872
943 1179
945 1783
946 5553
946 6854
947 1187
947 7466
947 6845
948 7013
948 5958
949 3564
950 2932
950 2379
951 8308
952 4085
953 4265
954 1959
956 2829
959 1081
959 972
959 1391
960 2362
961 4029
961 3726
962 9495
962 4444
962 9662
963 7057
963 1010
963 1522
963 3930
963 7259
964 1322
964 5867
965 7097
966 8115
966 4907
967 1441
967 2534
967 1007
968 4748
968 2462
968 7263
969 4878
970 2032
970 7730
970 3891
972 4595
972 1062
972 4263
972 1036
973 2674
973 6866
973 2837
973 5717
973 6261
974 1589
974 6520
974 1209
976 2525
977 4297
978 4353
978 3762
978 1415
980 8354
980 1176
980 1849
980 2363
981 3925
981 1335
981 5963
982 3928
983 7008
983 4555
983 7691
983 8495
984 1696
984 2482
984 1429
984 8889
984 1019
985 2242
985 2258
985 1928
985 8328
987 3002
988 8810
988 6188
988 6719
989 5505
989 8853
989 3079
989 5738
989 6220
990 4103
990 2907
990 5835
990 1486
990 5391
991 9914
991 1484
992 1069
993 3091
994 6378
996 1191
996 3244
996 5421
996 2830
998 1356
998 3181
998 3359
999 2535
999 4139
1000 5561
1000 4399
1001 7222
1001 8983
1001 3276
1002 6791
1002 2077
1002 2447
1003 8649
1004 1977
1005 1360
1005 5329
1005 2085
1006 3190
1007 1397
1007 9783
1007 6074
1008 1605
1008 5830
1008 3850
1009 1907
1009 2858
1010 1050
1011 6852
1012 3978
1012 9102
1012 2879
1013 1288
1013 2552
1014 1281
1014 1297
1014 6820
1014 7039
1016 4148
1016 6917
1017 1744
1017 6179
1017 9463
1017 1352
1018 8728
1018 2751
1019 4066
1020 1968
1020 2905
1021 1494
1021 5931
1021 5118
1021 7183
1022 2082
1022 2669
1023 3969
1023 6321
1023 2803
1023 1384
1023 4184
1025 1195
1026 6260
1026 5417
1026 7212
1026 6797
1027 8488
1028 5032
1029 1691
1029 1100
1030 3552
1030 4278
1032 3778
1033 1202
1033 1763
1033 2203
1033 7773
1033 3199
1033 4735
1034 6839
1034 3082
1035 4119
1035 1323
1036 9425
1036 1619
1036 2698
1036 8013
1037 2464
1037 1339
1038 3175
1039 2852
1039 2485
1039 1135
1040 5648
1040 6273
1040 3503
1041 9280
1042 5571
1042 5199
1044 7955
1044 3381
1044 1673
1044 8985
1044 7966
1045 1862
1045 2391
1046 1566
1046 5519
1048 7164
1049 1604
1049 2503
1049 9548
1049 3741
1050 1147
1050 6956
1050 7324
1050 1438
1050 5518
1051 6357
1051 2278
1051 5624
1051 3103
1052 5202
1052 1188
1052 6398
1053 3333
1054 1889
1054 2692
1054 3451
1055 1354
1055 2974
1056 3856
1056 4028
1057 7158
1057 2428
1058 8754
1059 4309
1059 5193
1059 1262
1060 2033
1060 1203
1061 6884
1061 7148
1061 1117
1061 2318
1062 3968
1063 3556
1063 7781
1063 4986
1063 7644
1063 2493
1064 1856
1064 4240
1065 3832
1065 7467
1067 5497
1067 6446
1067 2559
1068 1112
1068 2397
1069 5125
1069 9270
1069 4249
1069 1551
1070 6906
1070 9642
1071 4162
1071 3044
1072 8194
1073 2791
1073 5820
1073 5997
1075 8499
1075 1227
1076 4817
1076 4004
1076 1162
1076 1164
1077 6019
1077 5060
1077 6998
1077 1911
1077 5407
1078 3110
1078 6621
1079 1394
1079 1868
1080 1408
1080 3184
1080 7025
1080 2423
1080 2811
1080 1215
1081 7318
1081 3675
1084 2196
1084 5704
1084 8221
1084 2702
1085 1219
1085 1514
1085 1855
1086 4678
1086 1116
1087 1379
1087 1894
1088 4245
1088 2940
1090 1646
1091 1694
1091 5086
1091 7182
1091 2367
1092 1816
1093 8578
1094 5040
1094 3958
1094 2604
1094 7758
1095 6751
1096 4888
1098 1493
1098 1577
1098 7150
1099 4544
1099 1624
1100 2066
1100 2107
1100 1820
1100 2142
1101 1137
1101 1718
1101 6905
1101 5599
1102 2115
1102 6490
1103 1941
1104 2151
1105 8962
1105 9955
1105 2719
1106 1651
1106 6396
1107 1539
1107 5843
1107 2279
1107 4298
1107 3023
1108 2416
1108 3989
1108 8087
1108 1560
1108 2026
1108 7036
1109 2647
1109 1432
1110 1652
1110 2998
1110 2586
1111 1218
1111 5698
1111 2092
1111 2652
1112 8642
1113 6054
1113 4200
1113 1260
1114 1986
1114 5415
1115 2213
1115 5163
1116 2017
1116 4730
1117 4053
1117 2953
1117 8715
1117 1500
1118 5946
1119 1794
1119 2091
1120 1171
1120 3669
1120 7545
1121 1750
1121 6172
1122 5616
1122 4302
1123 1843
1124 1248
1124 1375
1125 1952
1125 1572
1125 2490
1125 4682
1126 1256
1126 4696
1126 2079
1127 2615
1127 4636
1127 2111
1127 4367
1128 8726
1129 1210
1129 1358
1132 1579
1132 1245
1132 6207
1133 2449
1133 1706
1134 1146
1134 2255
1135 2065
1135 1875
1137 7281
1137 6246
1137 3432
1138 4388
1138 3387
1139 3590
1139 5962
1139 1675
1140 4219
1142 1208
1143 3617
1143 1869
1144 3266
1144 3588
1144 1157
1144 6539
1145 6372
1145 5230
1146 3409
1146 4214
1146 2328
1146 2602
1146 8573
1146 3759
1146 4575
1147 9088
1147 1634
1147 8898
1147 6394
1148 3776
1148 2531
1148 4980
1148 3723
1148 2860
1148 9279
1149 7636
1149 1607
1149 9192
1150 9940
1151 1988
1151 4199
1152 2752
1152 1623
1153 1283
1155 7184
1155 2881
1156 8710
1156 5690
1157 1312
1157 1600
1157 3312
1157 2334
1158 1363
1159 6234
1159 1372
1160 3042
1160 3308
1161 9952
1161 3009
1161 1253
1161 2297
1161 7402
1162 1891
1162 3687
1162 5724
1163 9625
1164 5156
1164 3094
1164 9030
1164 1448
1164 1471
1165 2836
1168 1474
1168 4540
1169 1216
1169 2551
1170 6882
1170 9091
1170 3625
1171 6500
1172 3011
1172 9084
1173 2226
1174 3897
1174 1982
1175 2008
1175 1257
1175 6541
1176 5387
1178 2544
1178 2436
1179 2241
1179 1645
1180 2896
1180 8152
1180 5774
1181 9651
1181 8564
1182 1992
1182 1198
1183 4866
1184 2584
1184 1451
1186 5104
1187 9335
1188 2908
1188 3692
1189 2528
1190 1987
1190 5595
1190 6333
1190 1599
1191 2466
1191 8281
1192 3680
1192 4648
1192 8632
1192 4553
1192 9945
1193 1795
1194 5952
1194 1685
1196 2882
1196 1828
1196 3230
1197 5555
1197 9255
1198 2968
1198 4362
1198 7693
1199 2937
1200 6065
1200 1458
1201 2098
1201 1395
1201 5267
1201 4393
1202 5619
1202 2043
1202 2843
1202 3374
1202 2735
1203 4369
1203 2533
1203 9465
1203 1292
1204 2093
1206 3922
1206 8742
1206 8922
1207 1960
1207 6392
1208 9658
1209 2566
1210 5608
1210 8415
1212 1499
1212 1695
1212 3519
1213 1412
1213 1556
1214 7803
1214 2527
1215 7935
1216 1424
1216 2609
1216 2728
1216 2411
1216 1580
1217 2426
1217 1467
1217 5628
1218 5633
1218 7890
1218 4948
1218 9332
1218 5638
1219 2225
1219 5307
1219 5261
1220 5174
1220 5450
1222 3780
1222 2440
1222 3583
1223 2431
1224 2738
1224 2797
1224 6895
1225 1859
1226 1251
1227 1294
1228 1701
1228 2332
1229 1472
1229 4839
1229 9275
1230 1680
1230 3671
1230 2985
1230 7291
1232 1378
1232 1822
1232 2158
1233 9809
1233 7908
1233 1719
1233 1704
1233 2569
1233 6796
1233 6110
1234 3568
1234 2322
1234 9429
1235 1984
1235 2854
1235 3848
1236 1764
1236 9980
1236 5582
1237 7534
1237 1967
1238 2850
1238 9908
1238 1674
1239 2435
1240 9443
1240 9098
1240 5227
1240 1727
1241 1970
1242 4403
1242 2654
1243 2330
1243 6781
1244 4024
1245 3647
1247 3947
1248 3140
1248 4207
1249 2401
1249 3209
1249 1631
1250 9012
1250 1621
1250 1943
1251 2472
1253 3223
1253 1770
1254 1921
1254 1996
1255 1769
1256 3065
1257 1393
1258 1447
1258 1463
1258 1768
1258 9865
1258 1692
1259 7888
1259 4827
1259 1884
1259 1661
1259 3438
1260 1780
1260 2342
1261 3318
1261 2361
1262 3463
1262 6909
1263 3909
1263 1592
1263 3197
1265 9637
1265 1286
1266 2081
1266 1380
1266 4558
1267 3233
1269 1581
1269 5406
1270 1291
1271 3641
1271 1469
1272 8375
1273 4449
1273 2591
1274 9392
1274 7362
1275 4674
1275 6292
1276 1330
1276 3434
1276 6654
1277 5462
1277 4311
1277 5341
1278 2272
1278 1990
1279 3827
1279 5115
1280 7508
1280 4328
1280 2299
1281 3666
1281 4649
1281 3646
1282 3362
1282 1431
1283 1573
1284 1290
1284 1995
1284 4572
1285 7972
1286 2211
1286 3868
1287 1495
1287 1993
1287 3033
1289 2806
1290 3264
1290 9650
1290 3465
1291 1824
1292 3653
1292 2105
1292 6618
1293 5318
1293 3791
1294 2306
1294 3990
1294 6187
1294 5133
1295 5594
1295 2303
1295 2671
1296 6329
1296 2686
1297 1979
1298 2817
1298 7341
1298 1342
1299 8925
1300 1649
1300 4012
1301 6134
1301 1927
1302 2563
1302 3963
1302 2655
1303 2101
1303 2245
1304 1946
1305 3263
1306 2540
1307 1509
1307 2792
1308 1552
1308 3220
1308 4052
1308 7535
1309 1715
1309 2180
1309 5160
1309 1387
1309 6027
1309 6412
1310 3136
1310 2754
1310 1924
1311 7064
1312 7041
1312 2206
1312 3342
1313 5663
1314 1555
1314 4179
1314 2920
1316 2683
1317 1338
1317 4315
1317 3389
1318 4933
1318 2140
1319 2141
1319 8477
1320 6897
1320 2194
1320 3526
1320 3997
1321 3953
1321 3077
1321 8348
1322 2688
1322 1848
1322 1774
1323 1446
1323 8186
1323 3677
1324 2901
1324 6151
1324 1754
1325 7241
1326 4117
1326 5816
1326 3630
1327 7487
1328 7058
1329 5760
1329 3153
1329 5070
1330 7635
1330 2340
1331 8356
1332 6448
1332 2915
1332 8105
1333 3057
1333 5272
1334 6129
1334 2694
1334 6599
1334 7898
1335 8416
1335 7282
1335 6887
1335 2127
1337 7762
1339 1965
1341 6258
1341 7973
1342 8964
1342 1365
1342 3614
1344 4340
1344 7870
1345 1755
1345 2444
1346 1575
1346 1530
1347 3242
1347 1643
1348 3485
1348 8397
1349 2041
1350 1403
1351 7640
1351 1850
1352 9763
1352 1733
1353 8002
1355 8809
1355 2810
1356 3043
1356 2069
1356 1766
1356 6487
1357 5210
1357 1359
1358 8418
1358 8180
1358 5782
1358 5565
1359 4788
1359 3069
1360 7441
1361 3604
1361 3398
1361 2042
1362 7954
1362 6439
1362 6615
1362 4125
1362 1775
1362 1903
1363 2640
1363 4177
1363 2758
1364 1587
1364 6355
1364 3799
1364 6779
1364 9534
1366 4810
1367 4292
1368 4884
1368 1513
1368 6399
1369 3824
1369 1462
1370 2273
1370 2344
1370 1707
1370 4459
1370 5534
1370 4255
1371 1409
1371 6727
1371 3149
1371 8799
1373 2598
1374 2400
1374 8929
1374 8410
1375 3473
1375 1508
1375 1627
1376 2919
1376 5999
1377 3715
1377 4195
1377 9973
1377 2251
1377 5549
1378 4941
1379 3396
1379 1909
1379 1782
1379 4166
1379 3659
1380 1886
1381 6080
1381 2244
1382 2689
1382 6388
1382 4431
1383 7810
1383 2820
1383 7560
1385 4210
1385 4905
1385 3932
1385 5388
1386 7346
1386 5225
1386 2109
1387 1568
1387 3569
1388 1971
1388 2851
1388 2347
1389 5741
1389 7869
1390 7872
1390 3421
1391 8877
1392 2061
1393 6212
1394 3111
1395 5728
1395 2305
1395 8498
1395 1439
1396 6750
1398 3297
1398 3080
1398 5769
1398 7277
1398 2174
1399 2704
1399 2123
1399 6363
1400 3724
1401 2420
1401 3064
1401 3039
1402 2743
1403 8700
1404 6204
1405 4193
1406 5359
1407 6311
1408 6055
1408 3208
1409 3605
1409 8653
1409 4270
1410 3797
1411 3730
1411 5577
1414 7621
1415 4228
1415 1574
1415 6638
1416 2407
1418 3831
1418 1423
1419 6822
1420 1745
1421 4887
1422 4993
1422 9316
1423 7127
1423 4585
1423 3419
1424 2016
1425 4408
1425 5064
1425 5420
1425 3262
1426 4114
1426 9640
1427 4616
1428 8705
1428 6115
1428 5991
1428 1498
1429 1815
1430 9249
1430 9058
1432 2680
1432 2778
1432 9181
1433 7476
1433 2265
1435 3282
1435 5907
1435 5305
1436 5877
1436 2923
1436 4667
1436 4156
1436 3053
1436 6126
1437 8486
1437 5839
1438 3192
1439 4351
1440 4989
1441 5973
1441 1677
1442 4054
1443 4818
1443 4435
1443 1492
1444 8005
1444 2396
1445 3090
1446 4271
1447 5362
1447 1749
1447 2124
1448 3988
1448 4938
1449 3581
1449 6799
1451 5744
1451 1806
1452 7942
1452 2650
1452 5806
1452 7230
1455 6066
1455 3673
1455 1883
1455 5244
1455 2750
1456 3059
1456 8143
1457 6725
1458 4838
1458 4380
1458 1741
1461 8010
1463 6306
1463 1731
1463 8389
1465 2946
1465 2765
1466 3679
1467 6910
1468 2976
1468 7748
1469 6148
1469 9034
1469 1756
1469 7295
1470 5457
1470 9962
1470 2237
1471 7323
1472 6836
1472 3015
1472 2927
1473 5767
1473 7052
1474 1520
1474 7520
1474 4578
1474 2040
1474 2910
1475 5127
1476 3116
1476 3215
1477 5088
1478 2981
1478 2063
1479 5710
1480 9331
1480 2121
1482 4150
1482 8984
1482 3467
1482 5966
1483 2291
1483 2987
1484 3676
1488 9885
1490 4235
1491 1620
1491 5642
1491 1740
1492 6423
1497 7905
1498 2579
1498 7875
1499 1846
1500 3237
1500 3542
1501 5684
1502 5188
1502 2777
1503 7995
1504 1969
1506 3254
1506 8363
1508 9479
1508 3100
1509 2593
1509 3663
1510 7109
1510 3078
1511 5472
1511 5826
1511 2589
1513 2630
1514 2122
1515 4109
1516 5473
1516 2230
1517 6256
1517 2979
1519 2977
1519 3123
1519 2868
1519 5625
1520 4770
1520 8421
1520 2215
1520 6317
1521 5764
1522 1630
1523 9113
1523 7514
1524 3108
1524 3444
1524 5591
1524 1608
1524 8063
1525 2573
1526 6380
1527 4385
1528 6992
1528 1994
1528 2429
1529 7157
1529 5787
1530 3609
1531 1805
1532 4564
1534 2184
1535 4144
1535 1635
1535 5477
1535 5896
1538 4577
1538 5752
1538 8171
1540 4972
1541 4324
1542 3248
1542 8683
1543 6963
1543 5498
1543 3293
1544 3334
1545 2617
1547 4644
1547 3141
1547 4950
1547 9927
1548 1985
1548 2628
1548 5399
1549 1553
1549 9762
1549 4163
1550 2942
1551 2007
1551 3693
1552 7879
1552 2424
1552 7720
1553 7305
1553 2574
1554 7205
1555 1939
1555 7604
1555 4022
1555 1786
1556 2371
1558 3445
1558 3097
1558 3645
1559 3987
1561 6230
1561 1598
1562 5480
1562 4412
1563 6180
1563 3933
1564 1874
1564 2443
1566 2626
1566 3047
1566 6461
1567 3283
1567 3460
1567 3642
1568 4384
1570 8089
1571 3201
1571 2818
1571 2875
1572 7189
1572 5983
1573 3685
1573 8998
1573 3624
1573 1919
1574 6402
1574 7017
1574 8460
1575 3328
1576 3252
1576 7556
1576 2405
1576 2677
1576 1688
1577 6452
1577 2572
1578 4981
1579 8780
1579 1918
1580 8192
1581 2195
1581 2410
1582 2179
1582 9622
1582 6477
1583 5410
1583 9653
1583 2812
1583 3326
1584 7658
1584 1739
1585 7011
1585 1913
1585 2492
1587 1991
1587 3628
1587 5038
1588 2643
1588 5605
1589 1640
1590 3985
1591 4914
1591 1676
1592 6264
1592 1801
1592 4330
1593 1876
1593 4885
1593 7655
1593 9771
1595 7197
1595 2863
1596 6505
1596 1711
1597 3698
1598 1617
1599 8016
1599 3356
1600 4833
1601 4760
1602 2997
1602 2796
1604 9285
1605 4660
1605 6760
1607 6941
1608 2320
1609 6268
1610 8662
1611 6755
1611 4855
1613 2210
1613 6746
1614 3395
1614 8457
1615 1912
1616 2603
1617 5900
1617 8365
1618 7252
1618 2248
1619 2295
1619 4539
1620 6592
1622 4161
1622 2842
1624 2120
1624 9833
1625 5860
1625 2197
1625 3720
1625 3884
1625 4508
1625 6047
1626 5825
1626 6417
1626 4242
1626 6419
1626 3335
1626 9127
1626 2296
1626 6140
1627 1827
1627 9731
1628 8450
1628 3557
1628 2766
1629 1760
1629 7009
1629 3890
1629 3224
1629 8232
1629 3773
1630 3649
1633 8976
1633 3578
1633 4266
1633 1644
1635 2259
1635 9619
1635 8200
1635 2313
1636 6200
1636 5533
1636 3582
1637 3355
1637 1789
1638 3028
1638 3992
1638 3454
1639 1664
1639 4593
1640 1762
1640 4658
1640 5560
1640 1705
1642 9180
1642 8398
1644 4050
1644 6675
1645 2580
1645 2676
1645 4215
1645 9198
1646 6375
1646 7031
1647 3475
1647 7445
1647 7032
1647 9163
1648 1809
1648 4038
1649 8214
1649 4440
1649 1723
1650 4706
1650 7336
1650 6411
1650 2975
1651 1700
1652 3607
1652 2349
1652 3213
1652 3487
1653 2394
1653 2380
1655 5927
1655 5033
1655 6444
1656 4753
1656 3881
1656 4253
1657 6754
1657 9246
1657 2047
1658 2952
1658 5023
1659 3428
1659 6070
1659 4314
1660 3377
1660 3652
1660 7963
1660 2189
1661 7553
1661 3060
1662 1893
1662 1989
1663 2339
1663 4124
1664 3495
1665 3999
1667 3427
1667 4527
1668 5812
1669 2663
1669 9583
1670 3971
1670 9052
1670 8957
1670 7502
1672 6549
1673 2021
1673 4424
1674 3746
1674 6809
1674 3949
1674 3965
1674 4733
1674 8382
1674 7119
1675 8776
1675 2798
1676 2520
1676 6747
1677 3120
1677 3843
1677 4007
1677 4425
1678 3299
1678 7891
1679 3792
1680 9716
1680 3022
1680 4670
1681 4901
1681 5355
1681 3341
1681 3357
1682 6193
1682 5700
1682 9194
1682 5995
1684 2469
1684 2268
1685 2348
1687 2594
1687 1851
1687 2205
1688 3008
1689 1776
1689 5018
1689 2269
1690 1880
1690 1724
1691 8513
1691 8134
1691 6986
1691 2653
1692 2277
1693 2240
1693 8820
1694 3480
1694 2782
1695 4281
1696 2083
1696 1892
1697 8470
1697 5448
1697 4922
1698 8425
1699 6096
1700 3844
1700 4573
1703 4498
1703 4831
1704 7616
1704 2759
1704 5659
1705 1957
1706 3459
1706 6196
1706 2054
1706 2938
1706 2412
1707 7106
1707 8411
1708 1922
1708 4258
1708 4345
1708 9003
1709 3521
1709 2898
1709 4146
1709 7795
1709 9342
1710 2678
1710 2746
1711 8567
1712 3800
1713 2346
1713 3580
1714 1938
1714 2474
1714 4319
1714 5759
1715 1906
1715 5451
1717 9851
1717 1997
1718 5785
1718 7243
1719 2634
1720 8217
1720 3882
1723 3074
1724 1779
1725 4338
1725 9935
1726 3937
1726 5106
1726 8599
1727 5330
1728 3469
1729 2353
1729 4571
1730 1844
1730 2936
1730 1899
1731 3696
1733 8177
1733 3893
1735 3304
1736 1857
1736 7725
1736 6815
1739 2337
1740 2939
1741 5993
1741 2170
1742 3393
1742 4809
1744 2152
1744 9272
1744 4415
1745 3280
1745 8423
1745 3501
1746 3313
1746 2996
1746 4487
1747 5337
1747 7679
1748 6084
1748 9700
1748 8006
1748 4204
1748 9758
1750 5537
1750 2036
1750 8917
1750 6664
1751 4086
1751 1963
1752 6811
1753 2011
1753 9837
1754 6338
1754 2343
1754 4023
1754 4429
1755 7122
1755 8901
1755 7288
1756 8626
1756 5524
1756 2649
1757 7714
1757 3435
1758 2256
1758 2789
1758 5558
1758 2570
1758 4703
1759 2553
1759 1898
1759 6634
1760 3636
1760 2709
1763 2865
1765 3292
1766 9411
1766 8262
1766 5455
1768 2608
1768 2217
1769 5872
1769 4382
1770 5600
1770 8881
1771 7650
1771 5364
1771 8903
1773 4570
1773 7757
1773 9502
1773 7903
1774 4609
1774 2135
1777 3375
1779 4646
1780 9688
1781 3618
1781 2051
1782 6888
1783 3589
1784 2903
1784 1901
1785 2499
1785 7764
1785 2526
1786 2214
1786 3678
1786 2959
1787 1873
1787 4411
1787 2478
1788 2695
1788 8943
1789 4131
1789 9318
1789 1853
1790 2978
1790 2755
1790 9943
1790 4521
1791 2893
1792 6458
1793 4777
1793 3627
1795 2233
1796 2710
1796 7723
1797 5347
1797 1814
1798 4097
1798 7707
1799 7297
1799 9970
1799 9203
1799 4237
1800 2275
1801 1954
1801 4230
1801 6103
1801 8120
1801 1803
1801 4238
1802 7409
1803 4691
1803 4133
1803 6728
1803 2813
1805 2869
1805 9756
1806 8342
1806 2984
1806 3880
1806 6026
1807 2848
1807 5170
1807 2228
1809 5386
1809 1837
1810 7485
1812 3422
1813 1863
1813 7529
1813 2172
1814 5129
1815 8240
1815 3126
1815 2556
1815 5375
1816 1890
1818 6276
1819 4913
1819 3235
1820 2768
1820 4969
1821 9348
1821 8503
1821 7769
1822 2404
1822 8500
1824 3945
1824 3295
1825 1976
1826 4450
1827 5937
1827 4260
1827 5637
1828 3476
1828 1961
1828 2028
1829 2112
1829 8572
1830 4386
1831 3810
1831 2453
1831 7049
1831 1882
1832 4396
1832 1949
1832 8702
1833 2149
1833 9766
1833 2090
1833 6298
1833 7596
1838 5025
1838 9621
1839 2700
1839 2207
1840 7887
1843 2137
1843 8170
1844 6082
1844 3278
1845 1945
1845 9724
1846 2236
1846 3437
1848 4390
1848 3018
1848 4652
1849 2450
1850 4592
1850 3095
1850 6602
1851 3021
1851 3853
1851 3918
1852 9172
1852 4842
1852 4015
1853 2392
1855 2741
1855 9605
1856 4692
1858 3505
1859 5856
1859 2183
1860 4852
1860 5113
1860 8796
1860 9103
1861 4036
1862 7040
1862 2037
1862 4745
1862 3131
1863 8660
1863 6757
1864 5736
1864 4014
1865 2156
1866 2890
1868 8758
1868 2856
1870 6683
1870 2524
1872 5970
1872 5913
1872 7161
1872 2826
1873 4773
1873 2311
1873 2159
1874 2234
1874 4893
1875 2231
1875 2955
1875 2095
1876 4404
1876 5551
1878 5525
1878 9048
1879 3944
1880 5833
1881 7848
1882 5556
1882 5049
1882 3114
1883 3894
1883 1950
1884 4712
1884 8269
1885 2034
1885 6239
1886 4531
1886 8952
1886 3964
1887 5309
1888 3874
1888 3180
1889 6330
1890 7513
1890 3757
1891 3859
1891 9587
1891 2541
1891 5550
1892 2138
1894 2784
1894 9211
1895 7923
1896 9373
1897 4798
1898 6144
1899 9675
1900 4656
1900 7688
1900 3340
1900 3900
1900 2494
1901 4858
1901 4811
1901 8061
1902 4567
1903 5587
1903 3766
1903 2104
1903 2715
1905 3956
1905 7786
1906 4430
1906 4559
1911 4145
1911 4598
1911 2125
1912 4903
1912 6775
1913 2031
1914 6586
1916 8110
1917 3363
1917 2116
1918 2476
1919 4720
1919 5141
1921 2514
1921 3736
1922 4955
1923 5411
1923 6100
1923 4685
1924 2451
1924 7813
1924 4039
1924 3608
1924 6443
1925 5964
1926 4517
1926 2986
1926 2859
1926 7884
1927 9089
1927 3753
1927 9129
1928 5989
1929 7328
1930 1948
1932 3500
1933 2147
1934 3188
1935 2816
1935 8203
1936 5458
1936 5546
1937 3494
1937 2458
1938 3731
1938 9917
1939 3919
1940 7235
1940 8445
1940 4799
1942 2419
1943 2204
1945 4832
1945 8933
1945 3369
1945 6155
1947 9666
1950 2087
1950 8059
1952 2638
1953 3004
1953 2909
1954 5034
1955 7312
1955 8475
1956 2131
1956 2310
1956 3176
1956 5848
1957 8369
1957 2345
1957 3769
1958 6305
1958 4533
1958 4620
1958 3166
1959 3200
1959 4731
1959 7260
1959 2989
1960 5795
1961 4344
1961 6077
1962 4721
1962 6673
1962 6322
1962 9115
1963 9184
1963 8633
1964 2513
1964 2408
1965 6920
1965 6106
1966 4589
1967 3366
1967 2519
1967 2558
1967 3183
1969 2171
1969 5343
1970 3107
1970 4975
1971 2595
1972 6035
1972 8390
1972 4510
1973 9906
1973 2247
1973 4935
1973 3518
1973 5119
1974 9611
1976 7698
1979 2182
1979 6295
1979 6508
1980 3268
1981 2857
1983 8455
1984 2610
1984 6489
1984 9451
1985 3206
1986 5762
1988 8612
1988 3173
1990 3425
1990 3752
1990 4264
1990 5897
1990 9918
1991 5332
1991 2073
1993 2178
1993 3957
1993 8571
1994 4611
1995 2571
1996 5226
1997 9944
1997 4364
1998 5930
1999 6211
1999 8531
1999 3750
2000 7756
2001 8576
2001 2326
2001 9531
2002 8437
2002 4407
2003 2294
2003 5463
2004 4395
2005 4143
2006 3352
2007 2722
2007 4300
2007 9468
2009 3087
2011 4882
2011 5898
2011 3453
2011 4574
2013 3783
2013 3005
2013 2510
2014 6804
2014 4313
2015 2926
2016 5221
2018 2365
2019 2885
2020 3300
2020 2267
2020 9598
2022 5154
2022 2724
2022 6406
2023 2736
2023 9886
2024 6997
2024 6442
2025 3697
2025 9667
2025 5289
2026 5020
2026 4254
2027 2324
2028 4979
2028 9402
2029 3733
2030 3269
2030 6966
2032 7561
2032 5805
2033 2448
2033 5331
2033 9257
2034 4502
2034 5990
2034 3019
2034 8539
2035 8353
2035 4650
2035 4908
2036 2148
2036 2308
2038 2897
2038 5446
2038 2351
2039 2360
2039 3464
2039 3099
2040 6864
2040 4392
2040 4267
2040 4142
2042 7210
2044 9024
2045 2721
2045 7236
2045 2761
2045 3743
2046 9097
2047 3811
2047 2399
2050 2730
2050 2507
2050 6012
2051 8228
2051 4231
2052 5942
2052 8345
2053 2644
2053 4189
2055 9844
2056 5361
2056 4427
2057 2261
2057 2475
2057 4205
2057 7918
2059 4418
2059 5733
2059 6248
2060 2208
2060 6550
2063 2739
2064 2134
2064 8280
2064 2271
2065 4475
2066 4659
2066 5567
2067 4064
2067 8773
2067 5862
2067 8807
2070 3302
2070 6734
2071 2126
2072 3314
2072 2307
2072 3923
2072 3306
2073 2641
2073 7782
2075 2212
2075 4186
2076 2161
2076 3755
2076 2316
2078 9136
2078 8049
2078 3977
2078 3071
2079 2128
2079 3106
2080 3324
2080 2687
2080 5631
2081 4198
2082 2517
2083 5943
2083 2844
2083 6364
2084 5520
2084 7007
2085 5308
2085 4478
2086 3840
2086 3083
2087 5730
2087 2771
2087 4006
2090 7440
2090 7048
2091 6235
2093 2175
2094 2298
2095 7939
2095 9562
2097 4868
2098 2656
2098 2529
2098 4530
2101 2385
2101 9956
2101 6536
2101 3898
2101 4876
2101 6524
2101 9788
2102 2209
2102 6789
2103 5442
2104 5753
2104 7388
2105 3172
2107 9699
2107 3397
2109 6913
2109 4776
2109 4111
2110 9304
2110 8189
2111 4185
2112 3194
2112 3466
2112 2495
2113 3274
2114 2505
2115 5778
2115 4862
2116 2200
2116 3035
2117 9989
2119 3507
2119 2822
2119 3879
2119 3135
2121 5252
2121 2421
2121 2587
2124 8296
2124 9612
2125 4513
2126 5670
2127 2154
2127 3452
2128 3508
2128 4055
2129 2994
2129 3515
2131 7680
2131 3058
2133 2995
2134 7904
2134 5223
2134 2266
2135 3777
2135 2467
2135 6723
2135 9597
2137 3236
2137 9162
2137 3550
2138 8263
2139 5279
2140 2415
2142 8370
2144 8038
2146 6745
2146 2877
2146 3165
2148 2289
2148 2645
2149 3403
2153 2757
2153 4197
2153 5449
2153 4458
2154 3842
2154 3412
2154 8046
2155 6224
2155 6793
2156 8851
2156 5485
2157 3305
2157 8938
2158 3622
2158 4655
2159 2793
2161 6667
2162 3629
2162 4797
2162 8381
2163 7144
2164 6348
2165 6900
2165 8076
2166 4803
2166 5589
2166 3863
2167 4020
2167 5453
2168 4442
2170 5255
2171 4389
2172 6608
2172 3193
2172 4169
2172 2684
2173 3509
2174 2562
2174 3327
2175 5761
2176 8373
2176 4170
2177 3122
2177 4110
2178 3025
2178 2333
2179 8071
2180 6869
2182 5316
2182 2350
2183 6291
2183 6213
2183 5718
2185 4127
2186 2229
2186 4743
2186 5679
2189 4796
2191 2292
2191 2607
2192 4497
2193 3125
2194 2432
2194 3056
2195 5779
2195 5292
2196 5216
2196 5376
2196 5705
2197 8057
2197 3596
2198 8102
2198 4183
2198 6831
2199 7632
2200 4016
2200 3972
2202 2370
2203 7996
2204 3995
2204 2335
2205 3967
2206 5777
2206 4492
2207 8246
2207 7415
2209 3491
2211 2679
2213 5076
2213 6197
2213 3770
2214 6225
2214 8041
2215 2660
2216 7365
2217 3440
2217 3160
2218 7696
2218 9459
2218 2965
2218 8774
2218 4605
2219 8000
2219 7348
2221 8986
2221 3534
2221 8447
2222 4247
2223 8436
2224 2512
2224 4209
2224 3429
2224 3574
2225 4515
2225 7411
2225 4694
2225 4841
2226 7188
2228 2577
2228 2484
2228 5719
2228 6076
2229 9473
2230 4549
2230 6390
2231 4130
2231 4978
2231 2899
2231 6814
2232 9095
2233 2657
2233 3516
2234 5849
2234 5919
2235 3284
2236 9983
2238 7523
2238 2824
2238 3294
2240 3093
2240 4687
2241 5338
2241 3772
2242 7249
2242 4871
2243 7900
2243 2670
2243 4206
2244 2489
2245 6373
2246 6816
2246 3075
2246 3222
2247 2321
2248 8199
2249 6896
2250 4080
2250 6288
2250 2425
2250 4505
2250 3338
2250 3499
2250 5198
2255 7668
2257 2561
2257 3414
2257 2508
2258 2364
2259 8020
2259 3846
2259 3133
2260 2422
2261 2387
2261 9135
2262 2357
2262 2665
2262 8875
2263 5241
2263 6877
2264 3051
2265 3910
2267 7687
2267 9066
2268 9491
2268 2388
2268 3829
2268 8409
2269 2627
2269 5240
2270 4327
2271 3527
2272 8326
2273 3547
2274 3616
2275 5715
2276 3365
2278 2433
2278 3749
2280 6593
2281 2966
2281 9014
2281 4072
2282 2355
2282 2567
2282 9563
2283 7841
2283 6111
2285 5706
2287 3073
2287 5586
2289 3250
2289 7332
2289 4601
2292 2762
2292 3052
2295 4472
2296 8865
2297 3940
2297 3915
2297 5390
2298 4021
2298 3151
2299 8472
2299 3198
2300 2581
2300 5047
2300 2522
2300 3020
2302 5823
2303 4033
2303 4633
2305 7555
2305 4060
2306 3870
2308 2341
2308 2639
2309 7766
2309 6063
2311 8581
2312 2488
2313 3154
2314 9312
2314 8664
2315 8896
2315 8187
2316 2565
2316 2773
2318 9630
2318 3567
2319 9938
2319 2886
2319 5003
2319 6940
2320 2599
2320 2779
2321 5250
2321 2712
2321 7213
2323 2554
2323 7034
2324 4557
2324 6030
2325 2635
2326 3345
2326 3833
2326 9677
2327 2947
2327 6463
2328 6617
2328 9691
2329 4147
2329 3030
2330 5140
2330 6890
2331 8727
2331 9511
2332 2629
2334 2756
2334 5013
2336 2583
2336 4828
2338 2446
2339 8196
2339 6309
2339 3787
2341 5783
2342 8175
2344 5058
2345 4151
2347 6250
2348 2794
2349 4466
2352 7443
2353 3640
2354 2748
2355 9747
2355 8072
2355 7002
2357 4930
2357 2716
2358 3648
2358 4757
2362 3251
2362 2745
2364 3599
2364 3631
2365 2805
2365 6183
2365 8028
2367 9823
2369 7901
2370 5570
2370 6342
2371 6263
2372 4406
2372 7335
2372 5689
2372 3343
2373 5923
2373 8458
2374 2515
2374 9620
2374 8341
2375 3348
2376 2483
2376 3336
2377 8385
2377 7763
2377 4904
2377 2891
2378 3249
2378 5827
2379 5405
2380 8801
2380 2933
2380 5720
2380 3017
2380 4027
2381 6922
2382 2902
2383 2801
2383 4294
2384 8910
2387 5105
2387 5061
2387 4154
2388 2795
2389 7174
2389 3275
2390 7143
2390 3439
2391 5283
2393 2963
2394 3298
2395 4971
2395 2430
2396 4864
2396 4715
2397 7444
2397 8070
2397 3447
2398 4365
2399 5050
2399 5019
2399 8861
2400 3027
2400 2725
2400 3048
2400 8378
2401 2658
2402 4824
2405 5360
2406 3535
2407 4282
2408 4830
2409 8393
2409 9466
2411 3408
2411 9733
2411 2921
2411 2555
2412 7091
2412 7867
2413 7199
2414 6229
2414 4423
2414 2894
2416 4421
2416 7099
2419 9146
2420 2682
2421 2455
2422 5910
2423 7572
2424 6005
2425 7080
2426 2664
2426 4232
2427 6800
2431 3426
2431 6071
2431 5944
2432 6472
2432 7981
2433 3537
2433 3032
2433 3822
2434 7088
2439 3321
2439 5737
2439 5979
2439 7790
2440 2481
2440 2788
2440 3317
2441 6553
2441 3722
2442 2543
2444 9253
2446 5222
2446 2456
2446 8926
2449 7712
2449 3836
2449 5629
2451 2930
2451 4610
2451 6434
2451 5021
2452 7233
2452 9500
2453 6033
2453 8451
2454 4581
2456 4394
2456 5276
2457 9123
2457 7204
2457 6454
2458 4693
2459 2732
2460 5153
2462 4640
2462 3908
2463 9121
2463 7053
2464 7541
2464 2536
2464 9452
2465 6343
2465 9295
2466 8704
2466 3316
2468 4865
2468 3934
2469 8322
2470 9329
2470 4153
2471 7329
2471 3177
2471 8252
2472 3670
2473 3109
2473 8309
2474 2597
2474 9239
2474 5145
2475 3905
2475 8042
2476 4031
2478 7320
2479 5079
2481 7125
2481 9560
2481 4749
2482 3486
2484 2753
2484 2708
2484 3068
2486 9225
2489 2880
2489 4848
2489 3877
2489 4635
2489 3212
2490 8069
2491 8673
2491 4018
2491 4164
2491 6527
2492 4032
2492 3619
2492 5604
2492 2606
2493 8916
2495 4436
2495 5179
2496 7936
2496 3506
2496 5557
2496 5574
2497 6069
2498 3045
2498 4069
2500 4321
2500 7701
2500 7126
2503 5707
2503 8620
2504 4486
2505 4826
2505 3807
2507 6147
2507 6523
2510 4829
2512 6692
2513 6042
2514 7584
2514 4317
2515 6770
2515 2714
2516 4471
2517 8629
2519 7739
2519 4927
2520 5004
2523 9499
2525 6835
2525 7356
2525 2878
2526 5528
2527 5377
2527 2867
2529 5968
2530 3085
2530 3775
2532 4181
2532 8461
2532 6782
2533 5922
2534 3014
2536 5916
2537 8033
2537 2546
2537 2866
2538 7104
2539 3214
2539 4494
2540 2835
2540 3655
2541 2705
2541 9704
2543 2807
2544 3144
2545 5471
2546 5051
2547 4784
2547 7657
2548 8404
2549 2588
2550 6418
2550 4105
2551 3296
2551 8464
2551 5354
2553 3626
2554 3632
2554 8446
2555 8386
2557 2737
2559 3570
2559 3540
2559 6623
2562 4657
2563 2729
2563 7437
2565 2785
2565 7951
2566 7568
2567 8484
2567 2646
2567 3003
2568 5206
2568 8790
2569 9260
2569 8558
2570 9608
2572 7100
2572 2941
2574 4772
2574 5535
2575 9739
2576 3406
2577 3105
2577 2633
2578 4432
2579 3841
2581 3344
2581 5404
2582 5187
2582 4420
2582 6331
2583 6768
2583 3779
2583 4058
2583 3455
2584 5395
2584 6184
2585 7638
2585 9741
2586 4579
2586 9609
2586 2763
2586 4075
2587 9858
2587 6275
2587 3221
2589 3076
2589 9302
2590 3315
2591 3000
2591 4025
2591 3164
2592 2883
2592 2726
2592 6702
2593 5584
2593 8374
2593 9353
2595 8516
2595 4501
2595 4671
2596 8493
2598 4954
2599 5042
2599 3996
2600 3674
2602 3862
2602 9599
2603 2855
2603 5053
2603 4766
2604 4877
2606 9054
2607 6174
2607 2799
2608 7367
2609 4476
2612 4083
2612 9517
2613 8598
2614 4120
2615 4569
2617 6670
2619 8227
2619 2872
2620 4074
2623 3112
2624 3774
2625 3633
2625 3689
2628 3682
2628 3132
2629 2776
2630 4370
2631 7576
2632 2681
2632 6975
2633 7896
2634 3446
2634 4118
2635 7069
2636 4190
2637 3026
2637 8707
2637 7113
2637 3706
2637 3694
2638 3554
2638 8942
2639 8545
2639 4621
2642 3371
2643 8244
2643 2949
2644 4037
2644 7516
2645 5444
2645 2731
2646 9040
2647 6614
2648 2983
2649 5984
2649 4484
2650 2992
2652 5949
2657 6194
2658 7146
2658 5339
2662 6547
2664 8817
2668 8336
2669 2864
2669 7729
2669 9266
2669 5295
2673 3941
2673 3865
2673 4873
2675 8082
2675 3158
2676 6036
2676 5530
2677 2906
2678 2960
2679 4065
2679 3238
2681 2800
2681 7111
2681 4138
2682 4724
2682 5727
2683 5732
2683 6473
2684 3576
2684 5209
2685 8560
2685 5235
2685 8750
2687 4629
2687 7852
2688 4994
2688 5858
2688 6883
2688 2904
2690 3472
2690 7238
2690 9559
2690 3034
2690 6236
2690 8844
2690 9374
2691 7417
2691 3979
2692 5564
2692 5726
2698 6304
2699 5090
2700 3712
2700 3858
2702 3072
2702 6203
2702 8811
2702 4925
2704 2853
2704 5735
2705 3954
2705 8602
2706 5096
2706 6717
2707 6660
2707 3866
2708 3101
2708 6286
2709 4967
2709 2713
2709 3929
2710 5203
2712 3477
2713 5161
2713 2925
2715 6016
2715 4727
2716 5800
2717 9096
2719 8119
2719 5114
2720 7001
2720 4379
2721 2888
2723 8181
2723 7593
2724 4081
2724 6934
2724 6455
2724 8616
2725 3512
2725 7565
2726 4820
2726 9483
2726 7375
2729 2786
2730 3204
2731 2948
2732 4191
2734 6914
2734 4236
2734 3118
2735 4192
2735 4929
2735 8930
2736 3410
2736 2967
2741 7059
2742 4896
2742 4175
2744 3560
2745 4532
2745 5643
2748 4953
2749 4761
2749 5641
2750 6464
2750 5636
2752 4307
2752 5846
2754 4995
2755 6563
2756 3311
2757 2827
2757 7421
2757 2814
2759 3270
2760 9913
2761 4115
2761 6132
2761 3597
2762 6640
2762 4079
2763 4273
2763 5617
2765 3471
2766 9442
2768 9384
2769 5398
2770 3610
2770 9757
2770 2831
2773 3117
2774 3520
2774 3490
2774 9144
2775 9761
2775 3638
2775 7129
2776 4677
2776 5464
2778 7128
2779 9670
2781 7767
2781 2971
2781 3405
2782 2914
2783 6904
2783 8216
2783 4332
2784 5077
2784 4095
2786 4754
2786 9934
2787 4001
2788 3539
2788 6037
2788 3497
2790 4019
2790 4956
2791 4099
2791 8015
2792 4602
2792 3261
2793 3911
2794 3320
2796 3394
2796 4837
2797 4785
2797 5905
2798 9107
2798 8532
2799 6554
2800 2841
2800 4729
2800 7132
2801 5865
2803 5512
2803 4719
2803 7663
2804 4690
2807 8367
2808 2876
2809 4448
2809 3148
2810 9298
2811 3415
2813 5623
2814 3146
2817 9357
2818 5041
2818 7505
2818 3013
2819 9946
2820 2929
2820 3124
2820 3433
2820 3134
2821 6403
2824 9220
2824 3561
2824 5804
2826 4714
2827 5313
2827 3845
2827 4491
2828 6880
2828 8745
2828 4894
2829 3456
2830 3152
2830 5080
2830 4780
2832 5180
2833 3912
2833 3658
2833 3036
2834 4816
2834 6182
2834 4140
2835 7030
2836 4840
2837 3115
2838 5468
2838 3902
2839 3303
2839 3231
2840 3861
2840 6166
2840 3037
2840 5373
2840 4174
2841 3349
2842 2950
2843 4744
2843 3851
2844 6933
2844 9033
2845 6226
2846 6053
2847 5005
2847 9694
2848 4568
2848 5067
2851 5740
2852 4545
2853 2999
2854 3983
2855 3984
2856 8644
2857 7817
2857 4460
2858 5265
2858 9721
2860 5248
2861 3504
2863 6574
2865 7889
2865 3119
2866 5747
2866 7172
2868 4071
2868 7710
2869 7775
2870 8407
2872 4350
2873 7740
2875 5526
2876 7938
2876 4742
2877 5893
2877 4279
2878 7242
2878 8431
2879 9591
2879 7416
2879 5422
2880 4259
2880 3883
2880 3885
2880 6413
2881 4034
2881 3273
2881 7451
2881 5117
2882 3089
2882 6149
2882 8469
2882 4526
2885 3084
2885 8751
2889 6873
2890 5861
2890 5502
2892 5200
2892 6242
2892 8647
2892 8153
2893 5998
2894 5540
2894 3914
2895 4422
2895 7257
2896 8289
2896 5071
2897 7339
2902 7298
2902 6502
2902 8999
2902 4280
2903 3892
2903 4087
2905 3584
2905 6545
2905 7398
2905 9578
2907 9173
2909 6729
2909 5130
2910 8786
2911 8452
2912 4755
2914 6531
2914 6711
2914 7823
2916 5938
2916 3379
2918 6862
2919 5696
2919 3380
2919 6518
2922 4463
2924 7932
2925 7814
2925 7404
2925 5807
2926 4167
2926 7159
2926 9580
2927 6447
2928 7829
2928 9167
2929 7477
2930 3686
2930 5578
2931 7772
2932 7745
2932 6008
2934 4465
2934 7035
2935 8960
2935 5439
2936 3650
2936 4084
2936 7399
2936 6968
2937 7195
2938 6821
2939 5936
2940 4960
2941 5492
2941 2951
2943 3088
2943 9387
2944 6690
2944 8077
2945 9025
2950 3376
2951 4768
2951 6741
2951 2982
2952 6130
2954 4565
2954 5148
2954 9565
2956 3361
2956 7924
2956 5612
2958 6156
2958 7423
2959 3301
2963 4171
2964 4711
2965 7480
2965 9887
2966 2970
2967 5419
2970 3708
2971 3525
2971 3339
2972 3794
2972 7196
2973 9568
2974 3849
2975 5614
2975 4639
2976 4049
2977 6743
2978 3332
2981 4334
2982 6603
2983 7667
2983 4410
2983 3837
2983 3247
2985 4428
2987 3145
2988 5754
2990 3329
2991 7023
2992 3458
2992 3171
2992 5081
2993 8400
2993 9385
2993 5150
2994 9676
2994 5215
2995 5123
2995 5268
2996 5709
2996 4702
2997 3383
2997 5208
2999 6168
2999 3593
2999 6537
2999 3404
3001 8355
3001 7418
3001 8892
3006 5601
3006 5895
3006 3544
3006 6826
3007 4047
3008 9536
3008 6354
3009 8417
3009 3781
3009 3734
3011 8202
3011 3196
3011 4653
3012 3899
3012 9695
3014 3234
3014 3350
3014 3354
3014 7037
3015 7993
3015 6108
3016 3185
3018 4509
3019 5024
3019 5731
3022 4617
3022 3390
3023 4630
3024 7142
3028 9729
3029 4964
3029 4666
3029 5866
3030 7808
3031 4738
3032 9933
3033 5940
3034 6167
3034 7982
3035 3700
3035 8086
3035 7192
3036 4968
3036 6334
3036 4783
3036 7151
3037 4705
3038 8346
3038 4767
3039 5201
3039 6952
3039 7913
3040 3054
3041 5089
3042 7086
3042 8606
3043 6824
3043 9915
3044 3864
3044 6938
3044 9212
3044 4445
3045 7554
3045 4836
3045 8054
3045 4346
3045 5630
3046 9873
3046 7911
3049 3325
3050 6857
3050 4957
3051 4256
3053 9476
3056 6865
3056 5315
3062 3243
3063 4246
3065 9141
3067 4287
3068 5768
3069 5335
3069 7294
3070 3163
3071 6011
3072 4003
3072 3703
3072 8587
3073 5232
3073 6195
3075 9446
3077 3559
3078 3873
3078 7428
3078 8921
3079 8547
3079 8821
3079 8150
3080 4576
3081 4959
3084 3788
3085 4335
3087 5879
3087 3688
3087 6552
3087 8600
3088 4361
3088 3162
3091 6192
3091 5044
3092 3634
3094 4106
3094 4623
3097 4612
3097 7206
3099 7585
3099 3143
3100 4680
3100 5545
3101 3392
3101 5155
3101 5802
3101 7866
3103 7246
3104 7847
3105 4998
3105 9143
3105 6297
3107 9618
3107 5869
3108 3917
3109 5234
3109 9214
3110 5224
3111 7043
3112 4851
3113 3187
3113 5722
3115 8514
3115 6935
3116 4947
3116 6686
3117 4932
3117 4996
3117 4790
3119 6335
3120 3857
3121 7906
3122 3205
3124 5091
3124 8251
3128 4342
3128 3259
3130 7788
3132 7360
3132 4988
3134 3411
3136 4011
3137 4182
3137 6062
3138 7828
3141 4308
3142 5978
3142 4251
3143 3888
3143 3331
3143 5236
3143 3813
3149 8784
3149 3927
3150 9386
3152 3255
3153 3462
3154 3767
3154 7469
3156 9046
3157 4212
3157 3782
3158 7562
3158 5278
3159 7854
3161 5142
3162 9860
3163 6232
3164 3386
3166 4597
3166 4974
3167 8204
3167 4525
3170 6215
3171 3735
3171 6559
3173 3441
3173 9345
3174 4123
3177 6871
3177 3256
3178 3713
3179 9553
3181 7851
3182 5396
3182 3291
3182 4943
3184 5392
3184 6517
3184 6805
3184 7018
3185 4320
3185 4665
3185 6367
3185 6575
3186 6955
3188 8625
3189 9408
3189 5467
3191 3744
3191 3717
3191 3577
3192 5828
3193 7536
3195 3536
3198 3936
3198 4201
3199 9641
3199 5850
3201 6021
3201 7630
3202 5613
3203 4529
3203 7780
3203 4333
3205 6696
3207 4096
3207 9849
3213 7858
3213 3541
3213 9321
3213 5771
3213 7500
3214 4289
3214 4834
3214 5892
3215 6000
3215 4728
3215 3548
3215 3855
3216 3265
3217 4301
3218 3595
3219 7454
3220 8052
3222 4823
3222 8651
3223 8248
3224 7254
3225 7778
3225 6936
3225 4046
3226 6093
3227 6391
3228 6173
3229 6438
3229 6823
3229 5864
3230 6099
3230 6708
3232 4173
3234 6369
3235 4673
3236 6661
3237 4482
3237 8974
3239 3281
3239 3994
3239 4397
3239 9389
3240 4378
3240 4970
3240 5661
3241 5475
3242 4129
3242 4223
3248 6578
3249 4216
3251 7479
3254 7390
3257 6389
3257 3943
3258 7734
3258 6876
3259 7564
3259 8303
3260 6068
3260 3854
3261 9403
3261 5660
3261 9404
3263 8106
3264 3852
3264 3517
3265 5110
3267 5254
3267 6407
3267 8250
3268 3524
3269 3272
3270 5674
3271 4414
3272 5213
3280 5334
3282 5634
3282 4867
3282 9971
3284 4778
3284 8669
3286 8902
3286 3867
3286 3644
3287 7489
3287 3450
3288 4299
3289 5527
3289 6344
3290 6874
3290 9436
3291 7005
3291 6863
3292 6498
3294 3665
3296 3407
3297 7478
3297 5773
3299 6283
3300 9866
3300 8814
3302 8090
3303 4070
3303 7606
3305 4684
3305 4909
3306 5280
3306 3591
3307 6018
3307 5177
3308 4178
3309 9639
3309 9241
3310 8666
3311 4116
3311 6040
3312 7602
3313 7806
3314 9745
3314 7269
3314 3478
3314 4376
3315 4434
3315 3416
3318 4661
3318 4647
3318 9303
3318 9512
3319 5544
3320 4628
3321 9296
3321 3876
3321 5348
3321 5147
3323 4708
3323 4477
3324 4599
3325 5654
3325 7016
3326 9582
3329 9441
3329 7311
3331 8201
3332 6564
3333 6631
3334 3819
3337 6401
3339 4113
3339 3660
3340 9600
3340 9638
3340 3976
3340 9645
3340 7519
3340 7567
3341 4078
3341 8174
3342 4438
3342 5610
3342 3551
3346 8694
3348 4137
3348 6395
3349 5971
3349 3639
3350 5426
3350 4718
3351 6977
3351 4552
3351 7912
3352 9785
3353 7383
3354 3709
3355 5303
3355 6119
3358 5173
3359 5164
3360 8584
3361 7427
3361 8349
3362 3558
3362 3815
3364 5652
3364 3816
3364 8729
3366 6996
3366 5734
3367 7738
3368 5008
3368 5249
3368 6662
3370 3543
3370 9975
3370 7992
3371 4741
3372 4759
3374 8771
3375 5986
3375 9242
3376 4002
3376 8467
3377 6241
3377 5635
3380 4405
3381 4149
3381 8254
3383 7552
3383 6072
3386 7033
3391 3598
3394 6243
3396 7175
3396 3803
3398 5766
3398 7670
3398 7527
3401 6247
3402 4626
3402 3566
3403 4756
3403 8376
3404 8179
3404 3847
3405 3714
3405 7960
3406 4375
3407 5517
3407 9215
3408 5650
3409 4196
3411 7573
3411 8394
3411 8427
3414 6302
3416 7722
3417 4977
3417 3691
3417 6844
3417 8428
3418 4224
3418 3938
3418 4439
3418 5786
3418 4958
3420 6878
3422 8912
3422 6903
3423 9228
3424 9777
3424 4779
3425 3571
3430 9986
3430 6436
3430 4261
3431 8792
3431 7085
3433 4805
3433 8043
3433 5645
3434 5548
3436 3812
3436 9959
3437 3760
3440 3789
3442 5620
3442 6085
3443 4850
3443 4013
3445 4707
3445 7818
3446 5792
3448 4165
3448 6138
3449 7429
3450 6542
3451 6299
3452 9153
3452 5837
3456 7531
3456 7004
3458 3484
3459 7702
3461 5217
3463 4234
3466 4791
3466 3502
3468 6812
3469 9444
3470 7224
3471 4895
3472 8064
3472 8213
3473 4897
3473 4618
3474 8846
3474 6319
3475 8978
3476 6496
3476 6538
3477 4336
3482 9557
3482 4303
3483 3716
3483 7020
3483 9439
3484 4128
3484 3823
3486 3699
3488 4679
3488 7703
3490 9954
3490 4077
3492 5121
3492 3959
3492 7227
3493 5242
3493 4091
3497 3921
3497 5494
3497 8172
3498 7123
3500 5285
3501 8095
3502 5809
3502 5829
3502 3991
3502 8169
3503 4356
3503 4869
3504 3747
3505 4856
3506 6848
3508 5342
3509 8335
3510 7486
3510 7774
3511 8808
3513 3878
3516 6528
3516 8697
3517 3901
3518 6277
3519 6837
3520 4400
3521 6469
3522 7115
3524 3585
3524 4290
3524 5593
3525 7396
3525 4952
3525 3756
3526 8767
3527 6694
3528 3748
3529 7482
3529 5068
3530 5539
3531 3809
3531 8395
3533 9972
3534 5109
3535 9765
3536 7665
3536 5368
3536 3657
3537 5784
3537 8265
3537 7676
3538 4949
3539 9554
3539 5100
3540 4374
3541 3785
3541 8396
3543 3654
3544 3939
3544 8555
3545 8045
3546 4402
3546 8827
3546 8126
3547 3765
3547 9974
3547 7372
3548 5781
3548 3704
3549 4341
3550 6449
3550 7458
3550 6715
3550 7580
3551 7677
3554 4541
3554 3886
3555 5859
3555 3830
3556 4112
3558 4902
3559 6421
3560 9160
3562 9525
3563 6252
3564 3786
3566 8239
3568 9393
3570 8953
3570 5259
3571 9773
3572 8065
3573 6665
3574 3705
3574 5516
3575 6358
3575 7581
3578 5959
3578 5128
3580 4387
3582 3869
3582 6557
3583 6740
3583 4543
3586 5899
3587 4158
3589 9428
3589 7615
3590 4695
3592 4051
3592 9032
3592 4172
3593 4093
3593 6383
3594 8132
3596 4787
3597 4483
3597 9039
3598 6507
3599 8128
3599 8857
3603 8920
3604 8805
3604 7255
3608 4042
3610 7208
3610 8681
3611 5169
3611 5063
3614 8321
3616 9558
3617 3793
3618 4863
3620 6145
3620 3656
3621 8304
3622 7010
3622 7671
3623 9717
3624 3838
3625 7369
3626 5745
3626 4619
3626 3806
3629 4456
3630 4413
3630 5294
3631 6856
3631 7737
3631 4911
3632 9065
3632 3950
3635 5888
3635 5266
3635 5325
3636 6513
3636 8671
3639 4355
3639 5381
3639 5606
3639 6091
3639 8635
3640 5031
3640 7631
3642 7571
3642 4136
3644 6651
3644 4924
3645 6044
3645 6462
3647 7917
3647 8478
3647 5231
3649 4252
3649 5165
3650 5821
3651 5233
3651 8634
3653 7637
3655 6281
3656 8872
3657 4276
3657 7910
3657 4135
3657 4284
3658 7056
3659 9635
3660 5928
3660 6572
3661 4048
3663 3887
3664 7334
3664 3672
3664 5883
3665 8300
3667 5790
3669 4723
3669 4588
3671 7732
3674 9087
3676 6870
3678 6177
3678 7245
3679 8007
3679 7930
3680 8293
3681 5138
3681 4886
3681 4409
3681 6765
3683 9912
3683 7244
3684 6569
3685 8663
3685 3758
3689 5808
3690 5683
3691 5326
3692 6157
3693 3948
3695 6136
3699 4203
3702 4100
3707 8607
3708 6501
3710 5440
3710 4594
3712 7953
3714 5069
3715 3784
3716 6368
3717 6133
3719 9829
3719 4987
3719 4973
3725 4326
3725 6783
3727 4736
3727 3825
3729 8023
3729 7599
3730 7077
3730 5513
3731 8237
3731 3951
3732 9503
3733 6834
3733 3821
3734 5632
3734 9009
3734 7619
3736 4999
3737 6806
3740 6769
3740 8168
3743 6073
3743 5482
3744 7863
3746 6485
3746 5175
3746 8856
3747 3946
3748 5569
3749 5320
3751 4812
3752 4881
3752 9736
3753 6912
3754 4664
3754 5262
3755 4966
3755 3998
3756 3761
3757 6353
3757 4746
3757 4043
3759 8544
3760 8885
3761 6328
3762 5321
3762 6366
3764 4000
3764 6703
3765 3896
3766 4481
3766 4446
3768 3970
3769 3826
3772 4082
3772 5384
3772 5646
3779 5536
3780 6202
3781 3926
3784 8482
3785 7201
3785 3966
3786 5370
3788 8473
3789 6677
3789 5197
3790 3805
3793 3961
3796 3814
3797 7408
3799 3962
3799 4587
3801 7586
3803 7162
3803 7754
3804 4512
3804 5372
3807 7603
3809 6893
3810 7185
3810 7179
3813 7074
3814 4026
3815 5400
3817 7522
3817 9430
3817 4519
3817 4698
3817 5882
3819 7285
3820 6459
3821 4227
3822 6181
3823 4467
3823 4107
3825 7397
3826 5093
3827 5336
3827 4814
3828 5290
3829 5836
3829 4398
3831 6131
3831 9124
3831 4159
3833 9579
3834 8593
3834 6153
3834 3871
3835 6756
3836 6859
3841 7731
3841 7785
3842 9061
3842 5239
3846 6259
3846 7613
3847 7532
3849 7940
3850 8223
3851 6289
3851 6006
3852 8834
3854 6083
3854 4329
3854 5229
3856 4305
3856 7193
3857 6251
3857 8380
3859 8603
3860 4381
3861 7301
3861 4686
3863 6576
3863 5925
3864 8592
3864 7987
3864 4762
3865 9204
3865 4277
3865 7231
3866 4637
3868 7937
3868 4030
3870 4672
3874 5296
3874 6162
3874 4951
3874 7038
3877 5137
3878 6609
3881 4654
3882 6004
3882 8748
3886 5692
3888 6738
3888 5992
3890 4217
3891 5592
3893 8604
3894 9714
3898 6400
3898 7083
3901 4366
3903 5413
3905 8765
3907 6526
3909 8116
3909 9208
3911 6314
3913 4220
3914 6120
3916 3973
3918 5243
3919 4044
3920 6170
3920 5182
3921 4688
3921 5947
3923 7958
3926 4474
3927 5681
3927 5204
3928 6290
3928 8253
3929 8850
3932 4035
3932 5349
3932 7526
3938 5504
3939 4233
3940 4295
3941 6450
3943 4713
3944 5581
3946 4187
3946 4603
3947 4982
3948 8668
3951 4808
3952 7067
3952 8491
3954 9364
3955 4919
3956 4580
3956 9222
3957 4208
3959 7569
3959 6948
3961 5847
3961 4872
3961 8525
3962 5378
3962 5509
3962 7784
3966 7333
3966 4391
3969 5445
3971 4631
3972 5844
3972 9019
3974 5541
3975 9337
3976 5192
3976 7420
3977 5046
3978 8798
3981 4874
3982 8401
3982 4283
3983 5699
3983 7727
3984 7394
3985 5389
3987 9313
3987 6731
3988 9978
3988 8766
3989 5746
3991 7240
3993 4229
3993 8053
3993 6294
3993 4062
3994 7733
3995 6253
4001 5172
4001 4485
4002 9045
4003 5714
4003 6604
4004 5682
4004 5701
4004 8267
4004 4879
4006 8791
4007 4480
4007 5014
4009 4441
4016 4322
4016 9982
4018 7256
4020 7465
4021 7840
4023 6891
4023 6927
4024 6199
4024 7084
4029 9236
4032 5563
4034 7728
4034 5522
4034 4348
4035 5891
4035 6685
4035 9118
4036 7883
4037 9877
4037 5167
4038 4560
4038 8657
4038 4132
4038 6191
4041 4643
4041 6361
4044 6009
4046 5876
4046 9707
4047 4243
4050 7871
4054 5987
4054 4437
4054 5015
4055 4453
4056 5838
4058 6648
4059 6013
4061 6332
4063 5686
4063 8906
4063 4076
4064 7496
4065 5488
4065 9328
4065 9727
4066 7290
4069 4343
4069 5143
4070 7539
4070 9191
4070 5901
4071 6979
4073 4985
4073 7102
4073 6159
4077 9355
4078 9263
4079 5184
4079 6529
4080 5521
4080 5052
4083 8837
4085 4775
4086 8569
4088 7283
4088 7279
4090 7094
4090 5002
4092 4614
4094 8440
4095 7395
4096 5955
4096 5103
4098 7386
4099 4516
4099 4357
4100 5157
4100 9950
4101 6868
4101 7886
4102 6031
4103 9753
4104 5072
4106 5281
4107 9953
4108 8826
4110 7379
4111 4676
4112 6995
4114 6643
4114 7107
4115 8459
4116 9888
4116 7289
4116 4669
4118 4542
4119 6600
4120 8496
4122 5811
4122 7173
4123 4528
4123 9702
4124 9161
4125 4416
4126 4591
4129 6435
4131 5649
4131 4963
4132 4461
4134 6010
4136 7138
4136 5402
4136 4318
4137 6714
4138 5291
4140 9188
4140 9861
4142 7850
4142 4590
4143 7653
4144 6684
4145 5941
4146 9336
4147 7442
4154 4363
4156 4740
4156 6981
4156 4347
4156 6223
4157 4464
4157 7837
4161 7426
4161 6699
4163 5976
4164 5702
4166 8162
4167 8366
4169 5257
4169 7322
4170 9595
4171 9843
4172 6468
4173 5656
4176 4188
4177 6546
4180 6543
4181 4562
4181 6776
4182 8141
4190 8230
4195 6994
4195 5493
4196 6456
4196 6303
4197 9085
4197 5902
4200 5412
4201 4584
4201 6090
4201 8508
4202 9413
4203 8880
4203 7105
4205 9656
4208 7715
4208 8307
4209 4763
4209 9213
4211 5171
4211 4377
4212 5566
4213 7103
4214 4286
4216 9529
4217 7682
4218 8608
4218 7796
4218 5287
4218 4537
4220 5433
4222 8863
4223 8698
4224 5438
4226 5183
4227 5414
4227 9673
4228 7793
4230 4493
4233 7579
4234 4944
4235 6034
4235 9053
4239 9585
4239 7524
4239 8319
4241 5697
4241 8036
4241 4488
4241 7838
4242 4468
4245 9790
4246 4507
4247 8588
4250 7355
4252 9697
4252 8035
4255 5218
4255 8330
4255 6540
4255 6687
4256 4726
4257 4890
4261 5059
4263 4604
4265 7801
4266 8224
4268 5967
4269 8206
4270 4457
4274 6408
4275 7015
4278 8802
4278 7928
4281 4875
4281 6222
4285 5220
4287 8543
4288 5499
4290 6506
4292 6644
4293 6672
4293 5057
4293 5443
4294 6219
4296 4632
4297 4961
4297 7768
4298 5429
4301 4373
4306 4786
4306 4339
4307 7473
4311 8048
4311 8868
4311 5228
4312 6965
4312 9593
4314 8897
4314 6620
4315 9020
4315 9967
4316 7844
4322 9520
4322 9643
4324 5695
4326 5214
4327 7108
4329 5430
4330 9202
4330 6580
4333 8083
4334 5703
4337 5269
4338 8210
4347 5301
4347 5340
4348 6515
4348 5045
4348 5397
4349 8739
4349 6052
4350 4551
4351 7264
4351 5022
4351 8783
4353 5748
4355 4536
4357 5819
4357 4447
4358 5508
4358 4774
4358 8537
4359 6171
4360 5152
4361 5797
4361 9798
4365 4586
4366 4883
4366 5559
4367 6152
4368 5514
4369 9648
4369 7112
4370 6137
4371 4813
4373 4473
4373 5166
4375 8733
4375 5007
4376 8968
4377 9616
4377 6853
4380 9808
4380 4489
4380 5083
4380 8284
4383 7446
4383 6123
4383 8524
4384 7163
4384 4846
4387 7076
4387 4860
4388 5996
4389 6544
4389 5921
4389 6045
4390 8266
4392 5328
4392 4915
4394 6658
4394 8287
4397 6278
4397 7321
4398 7495
4398 5016
4398 5435
4399 7843
4399 7836
4401 7296
4402 7608
4403 6930
4405 6573
4408 7141
4408 4534
4409 8474
4410 8047
4411 9709
4411 9247
4412 4789
4413 7634
4414 9080
4416 4500
4418 6470
4418 8972
4418 9564
4418 6079
4421 6584
4421 9690
4422 7983
4423 4701
4424 4535
4424 8760
4424 5211
4425 7578
4426 8103
4426 7944
4426 5644
4430 7344
4431 4898
4433 9405
4435 5763
4435 9997
4436 5350
4436 6679
4436 9759
4437 6697
4437 6139
4437 8479
4441 5219
4441 4984
4443 5585
4445 6601
4446 6460
4449 5853
4449 4479
4450 5159
4453 7447
4454 9776
4457 7000
4458 4556
4458 6094
4460 6356
4461 5027
4461 7045
4463 5765
4464 6227
4464 5950
4465 9166
4465 7439
4467 9395
4467 5750
4467 7798
4468 7849
4469 7833
4470 5073
4471 4737
4474 6351
4475 5139
4475 7481
4477 6146
4479 4615
4479 9327
4481 8207
4485 5300
4491 8575
4492 8887
4494 4546
4495 7253
4496 6339
4496 4550
4496 7190
4497 6267
4497 7310
4504 4734
4506 5181
4507 6056
4510 8344
4511 6901
4511 5543
4511 9996
4514 9076
4525 4822
4526 7221
4527 7274
4528 4917
4528 7194
4528 7802
4529 7391
4531 6176
4531 7351
4532 6830
4535 5131
4536 6581
4536 9720
4538 7961
4539 9840
4544 8324
4545 5653
4547 8722
4547 5043
4549 7364
4549 8836
4549 6206
4550 7518
4553 5479
4557 8923
4560 6293
4564 8824
4565 6961
4565 7371
4567 4722
4567 5626
4569 4936
4570 5425
4573 5346
4576 9778
4577 5562
4580 9957
4581 5547
4582 5742
4584 8658
4585 4752
4586 7248
4586 8176
4586 9746
4589 5151
4590 6950
4591 9433
4591 5627
4593 5598
4594 6266
4594 8123
4598 6169
4599 7834
4600 5489
4602 7359
4603 7885
4604 8806
4604 4843
4605 6616
4605 8313
4606 9514
4607 7304
4607 8222
4608 6761
4609 6465
4612 8914
4613 6280
4616 7071
4623 9362
4624 9372
4625 8973
4626 8099
4627 7300
4627 6430
4628 7096
4629 7176
4631 6548
4632 7382
4632 8655
4633 6790
4633 6522
4634 6530
4634 6989
4635 4802
4635 5621
4637 8640
4639 5568
4644 6437
4647 9132
4648 5932
4650 8948
4652 9390
4653 7137
4653 8443
4654 8515
4654 7588
4654 9028
4654 5273
4655 7180
4656 7385
4659 6312
4660 6978
4660 7027
4661 5840
4665 5874
4667 7474
4667 8869
4668 6610
4668 8568
4669 9882
4670 7673
4673 8703
4676 4997
4677 8579
4678 6763
4679 6606
4682 4765
4684 9937
4686 5716
4688 5974
4688 6431
4691 7430
4692 9455
4697 5136
4698 7716
4698 4853
4699 6598
4701 8959
4703 9108
4703 4709
4704 8740
4707 5009
4710 7533
4711 8448
4711 5322
4712 5012
4715 5749
4715 9254
4718 9378
4718 6324
4718 5195
4720 5062
4720 6125
4722 6861
4724 5286
4724 4923
4726 8586
4728 9602
4728 5532
4729 5284
4729 9450
4730 6937
4730 9614
4731 7378
4731 5658
4732 5666
4733 6525
4733 5263
4736 6382
4737 5056
4738 8732
4741 8565
4742 6029
4743 8935
4746 4793
4746 5597
4746 6942
4747 6860
4747 8878
4748 6813
4749 5945
4750 6881
4752 7826
4752 5772
4754 6494
4755 6875
4755 5980
4756 8157
4757 9464
4757 4937
4761 5456
4763 8372
4766 6341
4767 6949
4768 6807
4769 5798
4769 5501
4773 5841
4773 9367
4773 7449
4775 7746
4777 6771
4777 6285
4779 9081
4779 8236
4783 7022
4784 5603
4784 4942
4785 5885
4787 5298
4787 6307
4788 7824
4792 9475
4792 5799
4794 4965
4795 6976
4795 7079
4795 9706
4796 4934
4801 7370
4806 7765
4806 4889
4810 8597
4814 5146
4819 9905
4819 6663
4819 9613
4820 9271
4821 7929
4821 7659
4823 8088
4823 7293
4825 6067
4829 9799
4833 9462
4835 8138
4835 8255
4836 6003
4837 7422
4838 5929
4841 9654
4841 5098
4841 7643
4843 5873
4845 7881
4848 4916
4849 9664
4849 5048
4851 8084
4851 6023
4851 4939
4852 6198
4852 9005
4855 5469
4856 7343
4858 9154
4858 9607
4861 7014
4861 6712
4861 6521
4862 6160
4862 6705
4862 9811
4862 7118
4863 8870
4864 9306
4866 5776
4866 8521
4867 5312
4867 6424
4868 6075
4869 8535
4873 9985
4875 9130
4877 5447
4879 5934
4883 9152
4884 9828
4889 7265
4889 5074
4889 5258
4892 5618
4893 6945
4893 5394
4893 8156
4895 4900
4895 8788
4895 6974
4899 9669
4900 7967
4903 9461
4905 7699
4905 4910
4908 5428
4914 5751
4915 6626
4915 6632
4918 6165
4921 5994
4922 7583
4923 4945
4925 7306
4927 5969
4930 5383
4935 5506
4935 5667
4936 7985
4936 7591
4936 6653
4936 9007
4937 5552
4937 9422
4939 9901
4942 9977
4945 6190
4945 6415
4946 7345
4948 5531
4952 5854
4954 7220
4954 7145
4954 8905
4957 9916
4957 8413
4958 6792
4959 7488
4959 5957
4961 6095
4962 6405
4962 5590
4962 5818
4964 9125
4965 5515
4966 7570
4966 7006
4967 6849
4967 6504
4968 7468
4969 6565
4973 5314
4973 6088
4974 7095
4974 8183
4974 7352
4981 5288
4984 5511
4984 5006
4986 6315
4989 9589
4992 8118
4992 7464
4994 5011
4996 9634
4996 9874
4998 5084
4998 5933
4999 6674
5000 6707
5002 7082
5002 5036
5002 5245
5003 6352
5008 6657
5008 6217
5011 6749
5012 7121
5018 5277
5019 7456
5020 8686
5021 9976
5022 5668
5022 5366
5024 8908
5026 8188
5027 5144
5028 7721
5028 8494
5030 5906
5034 6097
5034 9569
5035 9813
5036 5282
5037 5491
5042 5677
5043 5078
5047 5185
5047 6641
5047 8628
5049 6121
5049 6445
5050 6669
5052 6780
5054 8312
5054 6764
5055 8501
5055 6733
5057 5264
5057 6724
5058 5851
5058 8285
5059 6397
5060 7697
5060 5870
5060 8318
5061 5293
5063 8583
5063 6843
5064 7338
5065 5367
5066 6902
5068 6962
5068 5427
5070 7713
5070 6491
5071 9878
5072 5116
5073 8689
5074 5122
5075 9859
5078 7393
5078 6466
5082 9964
5083 5490
5088 9546
5092 5611
5092 6589
5093 5956
5093 9508
5093 6105
5097 5418
5101 5609
5103 6597
5104 5815
5105 5711
5107 9478
5107 9099
5108 5688
5111 8220
5114 6201
5115 5126
5119 6300
5122 5863
5122 7374
5127 6208
5129 8993
5129 6964
5130 7948
5131 6898
5132 9043
5138 9712
5138 5432
5139 9807
5142 6323
5143 8574
5143 9775
5149 7549
5150 8091
5150 8859
5151 6774
5151 9286
5151 5678
5154 9350
5155 8937
5156 5363
5156 9229
5158 7626
5162 7349
5165 9910
5166 6486
5167 8641
5168 5459
5168 9958
5168 5640
5171 8273
5171 5935
5172 8924
5172 8093
5173 9369
5175 7272
5176 6320
5178 7347
5179 5205
5179 6478
5187 9016
5190 6568
5193 8352
5193 5352
5193 8078
5199 8838
5200 8350
5202 9817
5208 6024
5209 5852
5211 7660
5212 8674
5212 9551
5214 5691
5215 6308
5215 7292
5217 6713
5220 7406
5224 8229
5230 5306
5231 7646
5231 7247
5237 6150
5240 5542
5242 6803
5243 7198
5254 6982
5254 5275
5255 5310
5257 9235
5257 9532
5260 6015
5264 8301
5265 6043
5267 8429
5268 8032
5268 9926
5268 9338
5269 5824
5274 5483
5276 8622
5277 5988
5279 6272
5281 9836
5289 6244
5294 9206
5295 6832
5299 6929
5299 8785
5299 8185
5299 6410
5300 9168
5302 6112
5303 8075
5305 9074
5306 5881
5306 8270
5308 7662
5311 8024
5314 6787
5316 7140
5318 7799
5322 9941
5322 9274
5323 5351
5325 7410
5326 7270
5328 5875
5330 8241
5330 8518
5330 7470
5333 6141
5335 9207
5340 7062
5342 6017
5343 7361
5343 6499
5346 6645
5346 5672
5349 6709
5349 5912
5349 6365
5350 6301
5352 7683
5355 7980
5356 6101
5357 9550
5358 9414
5359 6551
5359 6970
5361 9738
5363 6794
5364 8749
5368 5507
5369 7353
5378 7750
5378 8383
5379 5431
5380 8909
5381 6384
5382 8127
5386 7147
5388 5484
5391 6587
5393 7800
5404 6471
5404 7214
5406 9939
5407 6216
5412 9898
5416 6752
5416 7497
5416 8030
5420 5554
5423 9186
5423 9895
5427 6274
5429 8738
5429 7087
5430 6347
5431 5622
5435 6374
5439 9042
5439 5478
5440 8275
5442 8883
5443 5538
5443 6894
5448 5466
5453 8988
5454 7302
5456 7815
5456 6892
5466 6113
5471 7457
5472 8098
5472 8392
5474 7483
5476 6613
5477 6081
5477 5755
5478 6735
5485 5583
5487 6778
5487 5965
5489 6627
5489 6773
5490 6838
5492 7610
5498 7970
5499 6484
5500 8876
5501 9682
5502 8419
5506 5788
5507 6284
5511 6748
5513 6991
5515 9346
5516 9105
5520 7547
5520 7325
5524 8747
5525 9981
5526 8769
5527 7623
5533 9165
5536 8963
5538 7666
5538 6387
5540 9549
5540 6318
5541 7455
5543 9722
5548 8709
5552 6480
5554 6376
5554 7403
5556 6810
5557 5926
5558 9610
5559 7358
5560 6362
5561 7920
5563 9537
5563 8934
5568 6428
5570 6785
5570 7601
5570 6919
5571 7538
5574 8405
5574 6296
5578 6850
5579 8004
5579 7654
5582 5588
5582 5756
5586 7921
5587 6254
5591 6928
5597 9388
5600 6104
5602 6535
5602 6476
5603 7618
5604 6939
5606 9764
5607 9382
5608 5868
5610 7832
5613 7368
5613 6925
5616 6327
5617 6695
5617 9224
5620 5954
5620 6926
5622 6611
5622 8549
5623 7239
5627 9243
5628 7494
5630 6078
5632 6039
5634 6732
5637 7600
5639 9920
5639 6846
5639 8591
5640 9730
5640 5972
5641 6118
5641 6379
5642 6420
5643 5917
5645 9703
5646 6051
5647 5708
5647 7133
5651 5857
5658 6128
5658 7945
5661 7915
5663 7090
5663 5780
5664 9148
5665 7717
5665 6350
5668 9448
5669 9683
5669 6795
5675 8121
5676 9013
5678 8051
5679 6772
5680 8605
5681 8696
5682 6124
5683 7787
5685 6386
5688 7202
5690 6479
5692 5887
5693 7124
5699 6048
5702 9368
5704 8208
5705 8886
5708 9493
5709 8113
5709 8327
5709 6154
5713 9330
5713 6265
5714 6582
5714 7594
5715 7530
5716 6109
5717 7842
5717 6959
5718 8677
5718 8554
5720 6316
5728 6993
5729 6087
5734 8679
5736 8130
5736 9949
5737 9979
5741 9623
5742 6567
5744 6516
5745 7042
5746 8060
5746 9116
5747 8874
5748 6116
5748 9094
5748 7401
5749 8379
5750 8442
5753 9501
5753 5855
5754 8073
5756 9827
5759 6736
5759 7557
5760 7551
5761 7026
5765 5894
5765 8122
5774 7373
5776 9728
5776 6855
5776 5948
5776 8621
5778 8347
5787 9862
5787 9516
5789 8037
5792 7652
5792 5911
5792 6984
5793 6143
5794 7463
5794 7515
5794 9086
5795 6175
5796 8333
5797 6656
5800 8282
5801 6209
5802 6758
5806 8884
5808 6706
5808 8034
5808 8991
5809 7268
5810 5871
5812 6210
5812 8085
5814 8399
5817 6205
5819 9480
5822 8723
5825 6481
5825 5884
5829 6817
5830 7116
5832 8552
5834 6117
5835 9164
5835 7055
5836 7893
5840 8018
5841 8311
5842 6721
5842 9498
5845 7943
5846 7425
5846 8215
5848 8209
5850 9363
5851 9284
5852 9407
5854 7250
5855 6652
5856 6059
5859 6988
5864 7962
5864 6028
5868 6693
5869 9686
5869 9820
5871 8548
5871 9735
5872 7491
5874 8148
5875 6282
5877 7860
5884 9723
5885 6426
5888 7811
5892 9018
5893 5914
5895 9234
5895 9322
5895 8958
5896 7078
5900 8261
5901 8538
5904 6720
5904 8762
5907 6786
5908 6947
5910 8125
5911 9288
5912 6767
5914 6483
5917 8094
5918 7590
5918 6907
5925 8198
5926 6178
5926 6287
5927 7448
5929 6650
5930 9907
5934 9281
5934 6271
5935 9581
5937 9904
5939 9575
5941 6967
5943 9489
5946 9506
5948 6337
5950 8323
5951 7251
5955 6249
5958 8648
5959 8825
5960 9383
5962 7633
5963 7181
5964 9149
5965 6595
5965 8746
5967 9128
5968 9440
5969 6841
5969 7694
5972 6325
5974 6561
5976 6497
5976 7068
5977 9252
5977 9333
5981 7783
5982 8904
5982 7563
5983 6058
5986 9145
5989 6186
5991 7504
5992 9256
5993 8068
6000 7092
6000 8489
6000 8079
6002 7827
6003 8314
6005 6825
6005 7628
6006 9515
6006 7471
6007 7777
6008 7431
6011 7110
6011 6189
6012 7859
6013 8842
6015 6326
6015 9897
6016 6245
6017 8434
6021 7856
6021 8849
6023 6556
6024 8066
6027 9283
6033 9218
6036 8803
6036 7914
6037 8212
6043 6921
6044 9315
6044 6858
6045 6562
6045 8317
6051 8624
6051 8871
6053 6698
6053 6987
6054 9100
6056 9004
6064 8371
6064 8730
6070 6279
6073 7974
6076 9438
6079 9138
6080 8636
6084 9106
6084 9036
6087 8433
6087 9366
6089 8218
6093 7389
6094 7736
6095 9596
6097 7804
6098 9210
6100 6135
6102 9577
6105 6519
6109 8815
6110 8610
6112 9960
6113 9349
6113 7287
6114 6808
6120 9760
6120 6577
6120 8339
6123 9055
6127 9668
6128 7307
6129 8637
6134 7266
6134 6847
6135 6753
6135 9571
6139 8570
6143 8951
6144 6722
6145 6393
6147 6827
6149 9101
6151 6879
6153 7342
6157 9435
6159 8271
6163 8701
6166 9818
6166 6270
6170 8523
6171 7047
6171 8777
6172 9310
6174 7472
6179 6999
6181 6566
6187 7299
6190 8888
6190 9002
6193 9876
6195 8487
6198 8492
6201 9806
6208 6588
6213 7131
6214 6759
6218 6788
6219 8954
6223 7895
6224 6659
6232 8718
6236 8619
6239 8462
6242 9380
6245 7284
6246 8081
6250 8690
6252 7512
6256 6676
6259 6385
6261 6512
6261 6619
6263 8615
6264 8841
6265 7081
6274 7976
6277 8755
6280 8936
6281 7755
6282 8854
6283 6624
6285 8358
6285 7215
6295 7797
6295 9112
6297 8259
6297 8205
6301 6416
6303 7061
6304 8866
6309 6313
6309 8031
6311 9250
6315 6957
6317 6842
6318 8684
6319 8295
6320 7130
6322 8967
6326 9344
6327 6533
6327 9131
6331 8744
6332 6971
6335 6666
6337 7620
6339 8638
6343 6432
6343 8139
6351 7946
6353 8553
6355 8781
6357 9655
6358 9267
6358 9604
6359 7892
6361 8832
6362 9067
6363 9800
6365 9258
6371 9341
6378 7845
6384 7651
6387 8502
6388 9139
6388 9000
6391 7413
6391 9881
6393 8685
6395 9856
6396 9059
6396 7165
6397 6451
6398 7947
6400 7558
6402 7672
6403 7024
6404 7050
6410 9530
6412 8890
6413 9399
6420 9523
6423 9748
6426 6943
6427 9751
6427 6570
6430 7661
6432 8520
6432 8298
6435 9481
6437 6511
6441 7357
6442 9361
6442 8956
6447 6503
6449 7864
6449 6777
6456 6510
6457 9051
6457 9663
6461 8219
6462 9992
6466 7152
6469 6833
6469 9029
6469 9197
6478 8672
6479 8264
6479 9961
6481 9397
6484 9692
6486 9814
6491 7065
6500 7878
6507 7237
6510 9803
6516 9744
6516 8833
6518 7155
6523 9371
6525 8529
6526 6973
6527 8274
6530 7229
6535 8609
6537 8944
6539 8003
6541 7794
6541 9965
6551 8980
6553 9137
6553 7684
6556 6801
6557 7046
6557 8855
6560 7363
6560 9496
6563 7203
6568 6931
6576 9521
6578 7029
6578 7706
6579 7493
6582 7543
6583 8828
6585 6828
6590 7550
6593 6596
6597 9324
6598 7857
6598 7675
6599 9290
6601 9006
6602 6716
6603 9159
6608 7998
6610 7880
6613 6688
6616 7419
6620 9282
6621 7073
6622 8117
6623 8843
6626 7614
6628 8830
6633 8562
6634 8913
6635 7226
6637 7139
6641 7187
6641 9291
6644 8941
6645 8893
6646 8695
6652 7528
6653 8466
6655 6700
6656 8234
6662 9169
6664 9794
6665 9892
6665 7831
6665 7117
6667 9352
6667 9832
6668 8131
6669 7589
6671 7742
6672 8178
6672 7384
6678 9805
6682 7574
6687 8816
6695 7692
6703 9420
6710 7711
6716 7273
6719 9117
6721 7170
6726 9140
6729 9421
6731 7153
6731 7989
6732 7873
6737 8438
6737 8939
6738 7988
6741 8931
6745 8245
6746 8247
6746 9244
6747 7459
6754 7977
6759 7350
6762 7686
6763 7647
6764 8260
6764 9812
6764 9237
6764 8566
6764 8009
6769 8818
6771 7822
6779 8858
6782 7234
6783 9834
6784 9528
6784 9869
6786 9287
6788 8542
6793 9522
6795 7622
6800 8511
6807 9223
6808 8193
6810 8338
6815 7595
6827 7791
6827 7855
6828 7521
6828 7865
6831 9931
6835 7789
6838 7315
6838 7770
6843 8813
6845 7330
6845 7134
6850 7598
6851 8536
6851 7452
6851 8092
6852 8752
6853 7012
6855 9779
6857 8384
6858 8839
6862 7098
6865 7286
6866 7075
6867 7548
6869 9552
6869 9816
6871 7809
6875 9072
6875 8424
6876 8276
6876 7645
6877 8184
6878 7366
6879 9458
6880 7968
6880 9437
6887 8772
6887 9988
6894 6918
6894 8504
6899 9842
6900 8297
6902 8108
6907 9351
6913 9245
6915 7228
6919 8946
6920 7156
6922 8527
6923 9880
6924 7051
6939 9293
6940 7846
6941 8290
6943 9646
6949 9948
6950 9334
6953 8900
6955 7219
6958 9685
6959 7093
6959 8231
6960 8146
6962 7664
6965 8435
6968 8008
6968 7066
6969 8519
6975 8357
6976 8406
6979 8163
6982 7160
6984 7861
6985 7186
6987 7209
6992 7414
6994 8971
6994 7741
6995 8334
6997 7724
6998 9219
6998 8794
7002 7340
7007 7975
7009 9297
7009 7544
7009 9178
7010 9742
7011 7752
7011 9261
7013 7718
7016 9230
7018 9010
7024 7934
7025 7166
7026 7759
7030 7735
7032 8819
7034 8351
7035 7377
7038 7776
7044 8154
7048 9592
7049 9792
7049 8667
7050 8040
7054 9409
7057 9584
7057 8882
7057 9561
7057 9114
7067 9412
7068 9864
7069 7434
7071 9175
7072 8426
7074 7540
7076 7509
7077 7218
7078 7326
7082 7624
7086 7438
7087 9314
7088 9795
7090 9698
7090 8278
7091 7303
7097 7753
7098 7258
7100 7612
7102 7760
7104 8919
7107 7609
7107 7678
7107 8639
7111 9062
7111 7559
7111 7709
7111 9854
7112 9049
7118 7931
7120 8359
7120 7167
7134 8294
7134 7211
7135 7381
7142 9418
7147 9307
7148 9142
7148 7897
7149 9507
7155 9657
7163 8756
7169 9518
7170 9325
7172 7674
7175 8835
7176 9544
7185 7820
7186 8449
7193 7978
7195 7507
7197 9684
7197 9852
7198 7498
7200 8779
7202 9922
7205 9919
7206 9636
7206 8233
7208 7925
7209 7461
7217 9427
7218 8522
7220 7546
7222 8665
7223 8137
7226 9111
7226 7919
7230 7376
7232 9265
7232 9119
7234 8845
7241 9509
7243 8550
7250 9445
7250 7400
7251 9026
7252 8800
7254 9248
7259 8961
7263 9185
7268 8737
7271 8716
7273 9199
7276 8140
7278 9752
7282 9056
7283 9075
7284 7656
7293 9093
7296 9838
7297 8533
7299 8145
7299 9883
7305 8050
7307 8945
7310 9187
7311 7956
7314 8422
7319 9150
7332 8235
7337 7506
7342 7597
7353 9190
7356 7991
7357 9156
7357 9023
7362 7964
7375 8039
7376 7979
7378 8577
7381 7592
7382 8331
7383 7490
7386 7986
7387 8699
7388 7825
7389 8456
7391 8512
7392 8481
7392 7719
7393 9743
7396 8320
7396 8011
7401 7941
7403 7641
7404 8736
7418 9189
7419 7690
7422 8509
7426 8022
7426 8159
7428 7607
7438 9347
7439 8021
7442 7582
7444 9289
7449 8631
7453 8546
7453 7909
7453 9063
7453 7868
7455 9519
7460 9041
7460 9802
7461 7542
7463 7894
7466 7726
7480 8211
7483 7916
7484 9193
7488 9588
7489 9011
7495 8441
7496 8981
7500 9749
7500 7751
7502 9419
7508 8982
7511 8310
7514 9037
7515 7821
7517 8541
7518 7695
7521 9819
7529 9008
7529 9183
7531 7926
7536 9810
7543 7874
7543 8627
7547 8743
7551 7812
7552 9740
7556 9398
7559 8453
7567 8114
7569 8812
7578 7959
7580 8025
7584 9278
7593 8454
7596 9570
7602 8656
7614 8589
7615 7700
7616 8678
7618 8526
7618 7807
7620 7629
7621 8706
7621 8831
7628 9416
7630 7862
7634 8852
7637 7704
7652 8147
7652 7830
7653 9401
7654 9309
7660 9543
7660 8623
7661 8067
7662 9472
7662 9068
7667 8173
7669 8135
7672 7761
7676 8388
7677 8551
7678 7949
7680 8124
7687 9035
7689 8325
7689 9909
7692 9538
7702 8249
7706 9796
7707 8097
7708 7990
7720 9070
7724 9718
7727 9209
7728 9196
7730 9793
7731 8364
7734 7902
7740 9705
7740 8111
7744 9566
7748 9396
7749 9631
7755 7835
7756 9966
7763 9713
7763 7771
7764 9951
7765 9601
7767 8596
7767 9839
7768 8104
7779 7792
7795 8058
7799 8044
7804 9871
7808 8166
7809 8559
7814 8340
7820 8947
7825 9533
7831 9233
7831 8109
7832 8238
7862 9092
7864 9449
7866 8688
7873 9155
7879 8894
7881 9486
7882 9853
7888 8197
7890 8096
7892 9545
7893 7899
7895 9447
7906 8840
7908 8001
7914 8712
7916 8490
7920 8164
7920 8645
7920 7997
7925 8965
7926 9787
7929 9400
7931 9932
7935 9147
7936 9015
7937 9632
7937 9151
7956 9424
7961 9711
7974 9782
7974 9179
7974 9133
7976 8402
7997 9835
8002 9789
8007 8332
8020 8190
8022 9001
8023 8563
8024 8676
8025 8306
8025 9077
8025 8444
8032 8112
8033 8618
8034 9082
8036 9990
8046 9590
8049 8601
8055 9732
8057 9044
8062 9846
8069 9323
8070 9474
8073 8279
8079 8613
8084 8133
8089 8594
8095 8927
8098 8654
8106 8182
8109 8862
8110 8556
8111 9485
8113 9884
8115 8337
8116 9781
8133 8759
8139 8471
8141 9984
8143 8720
8148 8793
8153 8160
8153 8195
8154 8286
8164 9513
8168 9319
8169 8468
8173 8848
8173 9797
8181 8432
8185 9264
8190 9057
8191 9090
8199 9801
8207 9326
8211 8299
8217 8534
8218 9238
8220 9251
8225 8268
8226 8940
8226 8302
8228 8643
8229 8661
8234 9825
8237 9680
8241 8387
8241 9182
8246 9754
8248 9292
8251 8611
8252 8652
8259 9381
8260 9925
8263 9050
8263 8763
8267 9410
8281 9725
8283 8713
8295 8305
8299 8362
8303 8646
8306 8860
8308 8368
8308 9488
8315 8585
8318 8528
8321 8768
8322 9299
8343 8507
8344 8995
8349 8682
8356 9755
8358 9791
8361 9824
8368 8561
8370 8949
8372 8867
8374 9510
8376 8977
8379 9539
8383 8630
8390 9340
8397 9487
8401 9774
8411 9911
8418 9504
8419 9109
8420 8992
8422 8557
8438 9678
8439 8711
8439 8969
8446 8918
8449 8932
8451 8675
8470 8899
8481 9687
8514 9200
8527 9470
8528 8659
8530 9991
8549 8864
8556 8680
8559 9269
8559 9227
8559 9484
8568 8721
8568 9490
8573 8915
8576 8955
8591 9469
8596 8741
8607 9994
8619 9831
8621 9900
8622 8717
8624 9652
8640 9415
8641 8891
8644 9821
8647 9226
8658 8966
8662 9708
8665 9083
8668 9890
8671 9176
8673 9434
8678 8692
8683 9457
8683 9221
8705 9300
8707 8782
8721 8907
8723 9567
8731 9998
8756 9780
8766 9526
8767 9930
8776 8789
8794 9060
8814 9294
8817 8975
8849 9993
8852 9268
8855 9679
8873 9719
8873 9022
8881 9231
8888 9572
8901 9875
8907 9701
8921 9170
8921 9311
8932 9432
8932 9644
8938 9394
8940 9104
8953 9259
8985 9377
9002 9120
9003 9734
9003 9772
9005 9069
9006 9122
9012 9379
9018 9665
9025 9594
9028 9693
9030 9826
9061 9360
9070 9737
9080 9969
9098 9431
9122 9902
9137 9850
9149 9232
9161 9376
9192 9767
9207 9317
9243 9497
9263 9573
9274 9370
9299 9555
9316 9471
9322 9659
9406 9627
9407 9896
9421 9768
9431 9628
9433 9649
9442 9477
9472 9715
9521 9893
9565 9879
9585 9784
9592 9921
9616 9696
9622 9987
9622 9786
9657 9845
9687 9689
9692 9870
9704 9894
9759 9848
9764 9891
9818 9929
9845 9923
9852 9903
9872 9995
9902 9999
