10000
0 1
0 513
0 6161
0 370
0 4
0 102
0 23
0 282
0 8778
0 1613
0 2942
1 2208
1 2
1 34
1 3
1 4291
1 7
1 3528
1 10
1 2702
1 112
1 17
1 21
1 1945
1 26
1 59
2 1488
2 5
2 54
2 87
2 13
2 30
2 2639
3 2161
3 403
3 198
3 294
3 1624
3 2968
3 9
3 45
3 830
4 5905
4 120
4 41
4 188
4 1326
5 369
5 1073
5 322
5 6
5 2699
5 124
6 3408
6 4580
6 38
6 182
6 8
6 1992
7 48
7 1345
7 83
7 1816
7 5965
7 15
8 578
8 12
8 44
8 14
8 1454
8 3313
8 18
8 1682
8 51
8 3827
8 534
8 27
8 3837
9 352
9 47
10 1603
10 4563
10 85
10 22
10 2631
10 473
10 11
10 269
10 1469
10 1375
11 80
11 71
11 394
11 363
11 29
11 109
12 16
12 1619
12 420
12 2071
12 1224
12 234
12 9996
13 289
13 913
13 9409
13 130
13 35
13 100
13 118
13 152
13 58
13 395
14 32
14 1056
14 4097
14 1013
15 498
15 19
15 500
15 9110
15 503
15 5511
15 40
15 574
16 50
16 3219
16 119
16 5018
16 3979
16 270
16 671
17 2289
17 150
17 283
17 4011
17 9931
17 28
17 31
18 214
18 2634
18 203
18 77
18 1614
18 95
19 20
19 86
19 104
19 9706
19 6878
19 7391
20 33
20 978
20 309
20 7655
20 72
20 232
20 364
20 1695
21 60
21 861
21 4381
21 3407
22 243
22 787
22 132
22 1254
22 42
22 204
22 844
23 24
23 424
23 57
23 396
23 174
24 208
24 25
24 153
24 7706
25 1473
25 8915
25 279
26 99
26 69
26 552
26 9595
26 1917
26 9885
27 218
27 9005
28 850
28 179
28 1635
28 3316
28 2442
28 286
29 144
29 3648
29 804
29 39
29 1127
29 4377
29 74
29 250
29 46
30 128
30 1271
30 2295
30 2311
31 561
31 4040
31 2315
31 524
31 62
31 2831
32 113
32 258
32 482
32 195
32 1526
32 5832
32 9096
32 236
32 93
32 1645
33 70
33 922
33 108
33 172
33 412
33 1948
33 6732
33 157
34 2866
34 421
34 6504
34 89
34 202
34 8364
34 190
34 9870
35 36
35 134
35 88
35 298
35 43
35 219
35 1807
36 129
36 4612
36 37
36 63
37 305
37 178
37 52
37 404
37 2773
37 1096
37 73
37 2522
37 1132
38 705
38 1505
38 9971
38 137
38 314
38 78
38 495
39 49
39 338
39 2501
39 1095
39 1929
39 6396
39 1165
39 142
40 171
40 1116
40 350
41 210
41 6019
41 3562
42 438
42 7959
42 749
42 847
43 4050
43 131
43 771
43 1288
43 106
43 4298
44 192
44 5265
44 3747
44 518
44 263
45 6483
45 614
45 56
45 378
45 75
45 910
45 4639
46 101
46 121
46 300
47 64
47 323
47 1443
47 666
47 8795
48 177
48 2022
48 251
48 4300
48 8908
48 94
48 206
49 800
49 2416
49 3456
49 6039
49 8567
49 154
49 1322
49 107
49 796
49 61
49 79
50 67
50 453
50 9703
51 1952
51 418
51 228
51 340
51 7492
51 175
52 1184
52 81
52 308
52 1348
52 53
52 426
52 1612
52 366
53 8485
53 408
53 906
53 972
53 1020
54 65
54 194
54 2787
54 5910
54 55
54 9821
54 159
55 98
55 162
55 2165
55 136
55 312
55 6015
56 1600
56 371
56 6531
56 3096
56 1306
56 587
57 1221
57 9882
57 3487
58 737
58 839
58 8238
59 2625
59 1922
59 2914
59 123
59 715
59 8332
59 143
59 1967
60 8882
60 103
60 315
60 1485
60 431
61 385
61 4632
61 90
61 158
61 5487
62 353
62 2081
62 66
62 3266
62 3162
62 76
63 2272
63 6256
63 148
63 532
63 4885
63 5370
63 2269
64 170
65 8129
65 648
65 4281
65 1963
65 5470
66 387
66 68
66 105
66 1308
67 115
67 149
67 4694
67 1467
67 1739
67 6735
68 593
68 7170
68 230
68 662
68 6103
68 5432
68 1243
68 813
68 7039
69 259
69 2294
69 141
69 7454
70 6200
70 122
70 2122
70 1517
71 5313
71 557
71 909
72 563
72 616
72 1818
72 125
72 110
73 6417
73 1555
73 3732
73 6404
73 4232
74 1435
74 1358
75 6163
75 310
75 551
75 233
76 384
76 161
76 8486
76 1563
76 365
77 465
77 4849
77 9762
77 116
77 8660
77 567
77 474
77 782
77 2990
78 9089
78 114
78 4131
78 84
78 361
78 8750
79 6640
79 244
79 1976
80 475
81 82
81 674
81 661
81 201
81 127
82 97
82 262
82 727
82 5191
82 494
83 176
83 209
83 358
83 966
83 1175
83 1272
83 138
83 718
83 111
84 1476
84 341
84 584
84 586
84 2031
85 4289
85 2196
85 7544
85 5978
86 1441
86 2230
86 5783
86 266
87 434
87 117
87 91
87 191
88 1460
88 139
88 1899
88 781
88 846
88 655
89 409
89 92
89 892
89 3551
90 4832
90 9600
90 709
90 1239
90 760
90 1274
90 140
90 894
91 1217
91 1249
91 187
92 272
92 904
92 235
92 284
93 96
93 9232
93 6850
93 7858
93 5172
93 2518
93 7149
93 2478
94 507
94 2235
94 4795
94 527
95 164
95 2167
95 5192
96 464
96 241
96 772
96 166
96 151
96 167
98 4803
98 133
98 990
99 1909
99 681
99 3001
99 6538
99 126
100 2033
100 8017
100 181
100 2809
100 428
100 1327
101 548
101 8679
101 7080
101 1036
102 163
102 197
102 1436
102 2910
102 1999
103 160
103 3521
103 146
103 3170
103 247
103 631
103 3693
104 528
104 514
104 8275
104 871
104 2345
105 432
105 2068
105 2600
105 973
105 6158
106 2085
106 4173
107 193
107 1155
107 185
107 1706
108 1376
108 1472
108 881
108 405
108 5500
108 542
108 2911
109 8785
109 333
109 1294
110 1024
110 948
110 2887
110 2088
111 3110
111 392
111 9790
112 1584
112 1409
112 3969
112 211
112 422
112 4535
112 943
113 135
113 299
114 145
114 285
114 589
115 659
115 1023
116 3073
116 291
116 325
116 6568
116 2255
117 7729
117 226
118 455
118 487
118 1111
119 803
119 4691
119 8758
119 1800
119 878
120 689
120 694
121 3907
121 7221
121 9414
121 231
122 336
122 5600
122 945
122 290
122 147
122 7205
122 6391
122 186
122 255
122 3775
123 256
123 260
123 886
124 912
124 354
124 8984
124 2297
124 476
125 3297
125 994
125 199
125 348
126 1410
126 2194
126 1835
127 785
127 9335
127 200
128 257
128 758
128 184
128 5641
128 1146
128 7548
128 2046
128 5791
129 450
129 1299
129 2025
129 9081
129 318
129 510
130 397
131 1792
131 5408
131 1265
131 7921
131 570
131 4218
131 238
132 512
132 562
132 189
132 334
132 398
133 5378
133 547
133 1413
133 7046
133 168
133 6777
133 156
133 4380
133 221
133 6221
134 3504
134 4080
134 974
135 6721
135 1858
135 486
135 1174
135 375
135 328
135 2889
135 8811
135 1164
135 1021
136 165
136 1253
136 281
137 1553
137 485
137 248
137 5023
138 880
138 8370
138 1715
138 8983
138 682
138 173
139 425
139 924
139 6924
139 351
140 288
140 7173
140 9509
140 2411
141 213
141 2069
141 264
141 895
142 5440
142 1905
142 1244
142 3965
142 4543
143 6455
143 7720
143 2844
143 461
143 1742
144 7126
144 506
144 2317
144 1070
144 6655
145 754
145 710
145 954
145 588
145 349
145 1374
146 1153
146 313
146 5199
147 961
147 3490
147 373
147 970
147 9626
147 445
148 497
148 276
148 2251
148 6587
149 933
149 183
149 489
149 205
150 207
151 5809
151 8164
151 581
151 6552
151 4297
151 3564
152 629
152 3239
152 728
152 155
152 1518
152 9070
152 4303
153 306
153 196
153 245
153 504
153 1496
153 1833
153 2591
154 1317
154 2266
154 811
155 1617
155 7719
155 1593
156 901
156 1302
156 169
157 449
157 227
157 419
157 4980
157 4261
157 1439
158 1214
159 9665
159 1106
159 611
159 679
159 296
159 827
159 941
160 180
160 6711
160 4763
160 5391
162 1025
162 346
163 1219
163 3431
163 376
164 1364
164 2644
164 217
164 5245
164 654
165 3236
165 1848
166 483
166 4444
167 605
167 3213
167 271
168 4595
168 277
168 4302
169 330
171 549
171 327
171 220
171 317
172 630
172 838
172 5671
173 215
173 2120
173 237
174 2259
174 1892
174 254
174 3695
175 1681
175 3460
175 1053
176 406
176 458
176 1658
176 667
176 957
177 1030
178 1362
178 3064
178 6174
179 278
179 3384
179 573
180 1633
180 9329
180 1597
180 1838
181 1109
181 1237
181 2661
182 229
182 5397
182 374
182 2374
182 3192
182 9640
182 558
182 287
183 4196
183 342
183 280
183 344
183 382
183 1647
184 2128
184 3536
184 1587
184 212
185 1171
185 6164
185 1509
185 3031
185 5386
185 9834
186 1877
186 2603
186 9819
186 5693
187 5538
187 789
187 380
188 470
188 1913
188 2010
188 268
188 1343
189 4480
189 8787
189 8246
189 249
189 267
190 1710
190 6830
191 273
191 7075
191 292
191 8980
191 519
191 393
191 2540
192 225
192 3458
192 9923
192 472
192 3530
192 381
192 4015
193 224
193 1393
193 1750
193 2062
193 223
194 8464
194 6813
195 265
195 1530
196 4059
196 3677
197 3346
197 355
197 564
197 1190
197 3390
197 239
198 1812
198 3434
198 3805
199 2181
199 3735
200 2640
200 2249
200 1069
201 3511
201 665
202 4419
202 2587
203 997
203 1560
203 2057
203 2606
204 5153
204 242
204 4932
204 1240
204 1864
205 3939
205 653
206 625
206 1425
206 3922
206 756
206 575
206 8607
207 3152
207 6228
207 8964
207 967
207 826
207 699
208 688
208 1028
208 2087
208 696
208 1225
208 1293
208 6287
209 8024
209 1386
209 2410
210 2340
210 1830
210 855
210 5721
211 246
211 343
211 216
211 730
212 565
212 1420
212 1245
212 319
213 2465
213 4565
213 222
213 1086
214 2305
214 1557
214 3318
214 6630
214 1736
214 2890
214 6907
215 852
215 2377
216 1346
216 595
216 3517
217 499
217 774
218 1634
218 1731
218 7994
219 6699
220 1960
220 2026
220 4730
220 427
220 6059
221 6350
222 982
222 778
222 4156
222 6188
222 783
223 240
223 2769
223 1798
223 331
223 1291
223 253
224 1248
224 1121
224 1683
224 535
225 7504
225 2388
225 4180
225 391
225 9498
226 5240
226 413
227 883
227 7079
227 1753
227 362
227 460
227 4332
228 339
228 3220
229 1333
229 6005
229 2632
230 4161
230 6179
231 9968
231 900
231 2533
231 1142
231 860
232 295
233 1729
233 4421
233 1080
233 303
234 545
234 613
234 3900
234 301
234 4335
235 609
235 3529
235 1805
236 379
237 8259
237 582
237 2118
237 8055
237 3772
238 1680
238 553
238 444
239 3361
239 1444
239 3557
239 5578
239 443
239 6157
240 725
240 8695
240 1881
240 8873
240 702
240 1311
241 546
241 7266
241 2218
242 560
242 3616
242 4321
242 4243
242 5363
242 261
242 3990
242 744
242 1309
242 1550
243 321
243 6310
243 650
243 5740
244 304
244 452
244 1206
244 471
245 2804
245 777
245 4603
245 829
245 1038
245 5182
246 1276
246 9407
247 8480
247 4433
247 293
247 2405
247 2551
248 1408
248 8709
248 1433
248 1801
249 2172
250 851
250 252
251 8659
251 1380
251 1336
252 1902
253 644
253 390
253 6279
253 601
253 7613
254 326
254 2214
254 5400
254 8509
254 335
254 1551
255 9786
255 7871
256 3857
256 324
256 1703
257 274
257 2674
257 5082
258 931
258 3283
259 1586
259 1283
259 517
259 3623
259 632
259 316
259 604
259 637
259 5406
260 436
260 612
260 743
260 1771
260 908
261 6915
261 1076
261 2646
261 569
262 2657
262 407
263 1189
263 854
263 746
263 7517
264 673
264 865
264 1506
265 720
265 7978
265 3435
265 3229
265 6541
266 1012
266 3958
266 488
266 2153
266 3402
267 320
267 415
268 1009
268 4283
268 669
268 8814
269 848
269 275
269 3319
269 522
269 1466
269 8126
269 1663
270 3609
270 539
270 942
270 4526
270 399
271 1222
271 410
272 5684
272 5529
272 367
273 3744
273 1541
273 359
274 2801
274 1110
274 6312
274 7883
274 302
275 1264
275 311
275 329
275 585
275 3934
276 389
276 347
276 2955
276 8716
276 2013
277 297
277 617
277 411
278 1700
278 502
278 4617
278 621
278 4990
279 1123
279 345
279 700
280 3716
280 9146
280 1868
280 4957
281 1120
281 8978
281 435
281 6679
282 1458
282 2147
282 332
283 1908
283 939
283 780
283 2669
284 4965
284 3304
284 5434
284 701
285 3639
286 526
287 3296
287 307
287 3766
287 5143
287 4473
287 7385
288 9904
288 9032
288 377
288 8201
288 6236
288 463
290 368
290 6323
291 4304
291 515
291 3571
291 1463
291 5309
292 1010
292 555
292 1324
292 9390
293 372
293 7626
293 923
293 3567
295 608
295 4339
295 1290
295 8075
296 2880
296 1041
296 3489
296 3601
296 7651
296 3549
297 5264
297 1191
297 3737
297 3117
297 5917
299 916
299 9893
299 6923
300 4250
300 525
300 9310
301 433
301 2883
301 3287
301 520
302 2881
302 5043
302 2453
302 3270
302 8047
303 386
303 597
303 6246
303 4719
304 2051
305 3701
305 1194
306 1152
306 721
306 739
306 356
307 357
307 3813
307 440
307 2332
308 337
308 9281
308 2516
308 3175
308 863
309 656
309 484
309 454
309 1047
309 1310
310 1337
310 4382
311 5413
311 1196
311 2735
313 872
313 4123
313 7740
313 1421
313 2189
314 4865
314 602
314 733
315 2102
315 2664
315 9565
315 1535
316 7818
317 2656
317 9167
318 1267
318 2038
318 2344
319 5569
319 2280
319 1083
319 493
319 1470
319 1822
319 991
320 610
320 1572
320 5544
320 2121
320 5322
320 9914
321 7121
321 2872
321 761
321 2301
322 2593
322 692
322 677
322 423
322 1815
323 556
324 6354
324 1363
324 868
324 840
325 5633
325 437
325 4869
325 2283
326 2565
326 5462
326 457
326 649
326 3689
326 1004
328 6754
328 757
328 1399
328 776
328 441
329 817
329 7937
329 2930
329 2879
330 1462
330 907
330 652
330 2078
331 1081
332 3418
332 7786
332 5868
334 1201
334 3428
335 4051
335 9843
336 400
336 794
336 1787
336 719
337 2131
337 501
337 1590
337 4504
337 7481
337 635
338 1762
338 884
339 529
339 998
339 680
339 732
339 2350
340 456
340 1131
341 1893
341 797
342 7017
343 416
343 6786
343 9144
343 1850
344 4818
344 360
344 1529
344 1419
345 7905
345 1752
346 592
346 889
346 4490
346 845
347 402
347 1411
347 2852
347 5565
347 3294
348 1558
349 583
349 875
350 6277
350 823
350 3738
350 4462
351 2548
352 2566
352 685
353 4577
353 2117
353 3893
353 8613
353 3126
353 9286
354 1456
354 543
355 2662
355 5259
356 2688
356 2736
356 1461
356 2086
356 430
356 5454
356 3359
358 4014
359 5683
359 2343
359 6108
360 4067
360 1687
360 536
361 496
361 753
361 1147
361 4652
361 1919
362 1813
362 3334
363 467
363 3604
363 7509
363 4744
364 401
364 4230
364 3850
364 523
364 492
365 9621
365 9399
365 505
365 603
366 448
366 417
366 1538
366 2055
366 1052
367 866
367 1108
367 5605
367 1575
367 952
367 698
367 5531
367 479
368 7861
368 638
369 439
369 825
369 7772
369 447
369 4847
370 5268
371 2096
371 3510
371 1498
371 2092
373 8261
373 6551
373 4714
373 4219
373 4558
374 4347
374 1581
374 383
375 7285
375 3527
376 3931
376 607
377 805
377 4600
377 1118
378 4880
378 6210
378 9443
378 2316
378 414
379 843
379 4651
380 1477
380 735
381 9157
381 1054
381 3374
382 4712
382 748
383 690
384 388
385 1089
385 1490
385 713
385 538
385 3548
386 5846
386 968
387 704
387 3635
387 8506
388 4322
388 1379
389 491
389 859
390 2462
391 1863
391 446
392 5872
392 2485
392 1145
392 606
393 9364
393 919
393 2439
393 5207
393 508
394 594
394 836
394 1573
394 1160
395 4546
395 459
396 5712
396 1074
396 580
396 2567
396 4151
396 857
396 490
397 5478
397 599
397 2504
397 2477
397 1391
399 833
399 4498
399 5735
399 559
400 3184
400 477
400 2397
401 6866
401 1284
401 615
401 2730
401 1087
402 722
402 6796
403 5489
403 2582
403 6038
404 521
404 1980
405 2710
405 634
405 1515
405 3227
406 2112
406 2180
407 2721
407 1266
408 2976
408 8264
409 1540
410 566
410 429
410 877
411 2456
412 1141
412 4539
412 6173
413 736
413 579
413 5848
413 5212
414 899
414 4755
414 4887
414 1625
414 540
414 5247
415 7990
415 2443
415 3035
415 2252
415 1406
416 5111
416 2703
417 4278
417 511
418 1330
418 678
418 793
418 3787
419 642
419 7223
419 568
420 6484
420 792
420 6489
420 9388
421 5226
421 2445
422 1378
422 5698
423 442
423 1837
423 7501
424 451
424 5927
424 1819
425 5362
425 1598
426 1447
427 5494
427 7931
427 8525
427 1983
427 8767
428 3717
428 1231
429 1334
429 9417
430 5719
430 8904
430 572
430 3085
432 6171
432 1390
433 770
433 3835
433 6141
433 1230
433 2206
434 2198
434 7847
434 779
435 1042
435 2412
435 2622
435 7775
436 806
437 2512
437 6421
437 695
437 620
438 480
438 1514
439 7735
439 809
439 2537
439 5754
440 1360
440 1137
440 5139
440 3643
440 893
440 590
441 5665
441 980
441 1814
441 765
442 533
442 3927
442 4296
442 684
443 466
443 4007
443 5228
443 767
444 2800
444 531
444 7732
446 468
446 687
446 8111
447 469
447 934
447 2182
447 5206
447 8790
447 7675
447 766
447 6879
448 664
449 1085
450 8643
450 5066
451 658
452 1019
452 462
453 1338
453 959
454 544
454 4263
455 4326
456 4898
456 1828
456 837
456 2517
456 2648
456 478
456 4798
456 591
457 1843
457 660
457 1640
457 4078
458 1666
458 596
458 3093
458 1628
459 1226
459 989
460 4346
461 2586
461 1405
461 1725
462 530
462 3686
462 2393
463 3168
463 8912
463 1058
463 2761
463 958
464 1664
464 3382
464 1192
464 4584
465 1424
465 2353
465 4344
465 891
466 3924
466 1642
466 1677
466 8685
467 1282
468 1935
469 1524
469 1589
469 8133
469 920
469 2444
469 9934
469 5039
470 987
470 3004
470 1279
471 864
471 1610
471 1866
471 1197
471 6909
472 2338
472 3831
472 4701
473 9457
473 755
473 4995
474 6804
474 3608
476 3860
476 9593
477 481
477 509
477 799
478 2243
478 3063
478 3915
479 4672
480 4528
480 1398
480 3176
480 9487
481 951
481 762
482 8916
482 3046
482 2077
482 2157
483 1232
483 3666
483 2389
483 541
483 5101
483 3935
484 4786
484 1027
484 795
484 3676
485 3943
485 879
486 4176
486 4034
486 1060
486 693
487 7096
488 5508
488 7240
488 1738
488 7167
489 577
489 1233
489 1281
489 723
490 5136
490 802
490 1202
490 1144
490 9403
491 1609
492 619
492 8972
492 814
493 717
495 4436
495 1269
495 6613
495 2680
495 5976
495 3405
496 738
496 740
496 726
497 1904
497 3245
498 2563
498 3045
498 8455
498 2925
498 5021
499 3797
499 2614
500 5520
500 626
500 1026
500 2997
500 4551
500 1432
500 4509
501 2277
501 1446
502 856
502 764
503 819
503 1685
503 636
504 1277
505 2436
505 2759
505 7832
507 1307
508 663
508 1241
509 831
510 4168
511 537
512 2946
512 5762
512 691
512 2420
513 1457
513 1186
513 8179
513 6470
513 984
514 516
514 5194
514 1422
514 1615
515 5248
515 8517
516 3804
516 670
517 786
517 9898
517 763
518 7840
518 8073
518 2958
519 3216
519 1079
520 9962
521 2244
521 2093
521 8223
522 3444
522 3103
523 7155
523 1785
523 623
523 1359
523 5743
525 3673
525 7835
525 2671
526 8946
526 1565
528 6868
529 773
529 869
529 8493
530 747
530 2763
531 3840
531 1396
531 3018
531 5131
531 1631
532 1942
532 5064
533 624
534 576
534 6304
534 5169
534 2402
534 628
534 4484
534 1527
534 554
534 1437
534 5439
536 4443
537 627
537 2630
537 4198
537 940
537 2063
539 1140
539 3590
539 1623
539 7561
540 550
541 2993
541 2044
541 750
542 1312
542 4638
543 4194
543 5923
543 2981
543 1006
544 1257
544 1516
544 2236
545 3607
545 1051
546 8371
546 8518
546 1258
547 1859
547 1001
547 1721
547 703
548 2528
548 5888
548 801
548 986
548 1483
549 752
549 930
549 1166
549 4030
549 911
550 3554
550 7971
550 676
550 7484
550 5789
551 2384
551 633
551 1964
551 1534
552 4531
552 5480
553 1090
553 2229
553 8413
554 5185
554 571
555 2342
555 9158
555 716
556 1061
556 6570
557 2417
557 914
557 1252
557 873
559 2336
559 1592
559 5724
560 6405
560 7244
561 3100
561 3198
562 2049
562 1043
563 9744
563 706
563 8488
563 6316
563 686
564 965
565 8706
565 5269
565 2585
566 2282
566 2554
567 1381
567 4235
567 2188
568 1766
569 1122
569 2023
569 824
569 3592
569 745
570 1953
570 1749
570 2683
571 4109
572 3478
572 1101
573 3715
573 1365
574 2212
574 5437
575 1834
575 1003
575 622
576 1136
576 5921
576 870
576 5501
577 3251
577 996
577 1973
578 641
578 3782
578 6170
579 4116
579 1880
579 683
579 1743
582 3015
583 2019
583 4549
583 7419
583 4700
584 741
584 6463
585 905
586 3286
586 647
586 618
586 2970
586 2875
586 8862
587 729
587 842
587 9964
587 6893
588 5811
590 6995
590 1556
590 7589
590 2007
590 5175
590 6967
590 938
592 1427
592 1093
592 6491
593 2134
593 1340
594 598
594 7647
595 1491
595 724
595 1754
595 3613
595 734
596 1204
596 5115
596 2654
596 1055
597 1438
598 4896
598 5607
598 600
598 1740
599 784
599 808
600 4481
600 1208
600 3658
600 5626
601 1250
602 915
602 2310
602 2840
602 8249
602 6635
603 897
603 3879
603 810
603 890
604 640
605 1489
606 1179
606 639
607 4467
607 932
607 1707
608 8640
608 657
610 1216
610 2276
610 7498
610 1931
611 6928
611 2474
611 1389
612 2515
612 645
612 1897
612 2285
612 862
613 1236
613 9478
613 926
614 969
614 714
614 7482
615 1040
615 9865
615 4874
615 5755
615 2204
616 4069
616 7162
616 2380
616 7564
617 3330
617 1939
617 6692
618 3324
618 3262
619 768
620 1841
620 6914
620 643
620 1368
620 6460
620 6637
621 1936
621 1143
622 9252
622 651
623 3518
624 2772
624 2168
625 5776
625 4434
625 2061
626 1104
627 1008
627 4739
627 5098
627 668
627 7005
627 2223
628 646
628 4631
629 1523
630 1599
631 9795
631 3582
632 1984
632 2838
632 5672
632 697
632 6809
632 9231
633 672
633 1366
633 6118
633 5992
633 4044
634 712
634 9677
635 2532
635 9092
635 1275
635 3308
636 5587
636 8918
636 8423
637 6688
637 1159
637 3255
638 896
638 7134
639 1954
640 936
640 2521
640 3753
640 3423
641 5788
642 2197
642 3036
642 7375
643 769
643 7697
643 7713
643 5372
644 4848
644 1701
644 6085
645 708
645 1894
645 2966
645 4650
646 950
646 3209
646 1295
647 1639
648 4888
648 2458
648 4718
650 944
650 4272
650 4358
650 1039
651 5794
651 1561
651 1149
652 1314
652 1445
652 4037
652 5003
652 751
653 928
653 675
654 946
654 2152
654 7037
655 849
655 2737
655 962
655 1891
655 1207
656 9095
657 711
657 4031
658 834
658 8058
658 2605
659 788
659 5157
659 988
659 1982
660 1185
661 1059
661 5909
663 917
663 5899
664 4756
664 3189
664 3707
664 3180
665 4269
666 1082
667 9435
668 1493
668 2757
668 1100
668 1582
669 2213
669 3750
669 2471
669 2793
670 1602
670 1172
670 821
670 5820
671 6998
672 2160
672 1351
672 7049
672 8057
672 4506
672 876
674 1188
675 1808
675 2951
676 5318
676 2843
677 1072
677 1874
677 6660
677 7157
677 3111
677 3599
678 5644
678 3469
679 3158
680 8422
680 1177
680 874
680 798
681 742
681 7304
681 921
681 3929
681 4077
682 1811
683 6562
683 707
683 1507
684 1440
684 1944
685 1227
685 1423
686 2837
686 6614
686 888
687 4329
687 4540
687 4461
688 5991
689 8943
690 1350
690 1319
690 5674
691 1361
691 1651
691 1450
691 2203
691 1007
691 5935
692 2641
692 6067
692 6903
693 2628
693 4790
693 1705
693 3563
694 1667
694 8414
695 2965
695 2534
695 2014
696 5250
696 5959
696 2383
697 1303
698 4564
698 8502
699 2616
699 3289
701 9653
701 5291
701 956
701 8668
702 6778
702 7054
702 5775
703 2274
703 2418
703 2278
703 2327
703 2076
704 1768
704 1853
705 3204
705 1641
705 3243
705 3022
705 7199
706 2850
706 1371
706 7276
707 2929
707 3109
707 791
707 1464
707 5305
707 5337
707 3996
707 1567
708 1105
708 4657
708 898
708 820
708 1388
709 4727
710 4851
710 2823
710 8478
711 993
711 2697
711 2602
711 6650
712 1075
712 9732
713 1809
714 1011
714 2995
714 3637
714 1576
714 7771
715 6852
716 1031
716 1176
716 3484
717 1793
717 3633
717 3702
717 2999
717 2425
717 4857
717 4315
717 2989
717 4222
718 7185
718 731
718 1820
718 2286
719 3295
720 2362
721 5937
721 2429
722 3579
723 4608
723 3273
723 5273
723 1263
724 3714
724 887
724 4255
725 4673
725 1128
725 2956
725 7709
726 1168
726 867
726 8988
727 1773
728 1986
728 6869
728 1849
729 4195
729 7493
729 4390
729 759
729 1335
729 1630
729 1167
729 3311
730 1745
730 1782
730 6249
730 5421
731 3010
731 1223
732 1741
733 2535
733 7495
733 9437
734 1316
734 1417
734 6829
734 6351
735 2498
735 2005
735 903
735 6908
737 1761
737 2915
737 1979
738 1870
739 929
739 963
739 995
739 5624
740 6230
740 6845
740 2191
741 1114
742 2519
742 5335
743 2861
743 1854
744 3136
744 3252
744 790
744 8826
745 2682
745 3852
745 1071
745 2095
746 2052
746 5801
746 7465
746 2650
747 1910
747 1403
747 2059
748 835
748 2356
748 2918
748 1278
749 2006
749 3052
750 6646
751 8326
751 1577
752 2400
752 1671
752 1112
753 1616
753 9056
753 2082
753 3398
753 3163
753 2029
754 7108
754 1974
754 775
754 2427
754 1341
755 6576
756 832
756 1261
757 992
757 4902
758 1397
758 1510
758 1543
758 841
759 1094
760 9248
760 2241
760 1684
761 981
761 1046
762 9440
762 5738
762 6043
763 979
763 1124
763 6590
764 1428
764 2326
764 3214
765 3721
765 812
766 1431
766 2073
766 7705
767 1660
768 7410
768 8541
768 1135
769 2043
769 4508
769 5982
770 1199
771 816
771 3788
771 2237
771 2846
772 4373
772 3687
772 2665
773 3555
773 1797
773 5562
774 1975
775 6194
775 1178
775 1150
776 6464
776 3122
776 4679
777 1392
777 4424
777 2363
777 815
778 1063
778 3642
779 2245
779 1606
779 3512
780 6410
781 977
781 5377
781 5833
782 5843
782 1078
782 3081
782 1387
782 1068
784 2450
784 6197
784 3724
784 3485
785 853
785 5589
785 5752
785 6332
786 4625
786 4692
786 1384
787 3043
787 6201
788 2242
788 953
789 882
789 1769
789 1325
790 807
790 1016
791 949
791 1781
791 3621
791 1002
791 5946
791 1564
791 3167
792 5497
792 8190
793 2577
794 1618
794 9193
794 3197
795 1522
796 947
796 2771
797 2821
797 1414
797 5446
797 935
797 6458
797 1342
799 1394
799 3323
799 1804
799 9373
800 9330
800 6357
801 2549
802 1048
802 4137
802 8622
803 1088
803 1430
803 3415
804 7539
804 828
805 2296
805 1356
807 4452
807 822
808 1161
809 1229
809 927
810 1328
810 3367
810 2394
811 4630
811 6919
811 6584
811 9404
812 4352
812 5542
812 1912
813 818
813 6114
813 5080
813 8618
813 2732
813 6847
814 3205
814 1066
814 3147
815 6775
815 1802
815 5676
816 3936
816 9650
816 7491
816 5141
816 1286
816 1242
817 2885
817 3131
818 1594
818 8284
819 6736
819 4596
819 1018
820 4416
821 4036
821 2792
821 1947
821 1103
821 1679
822 5219
822 2239
823 7168
823 8531
824 2129
824 1015
824 1119
825 2589
826 1501
826 9902
827 1037
828 1607
828 1113
829 4525
829 2414
829 5519
830 2676
830 2489
830 4318
831 9012
831 4245
831 8229
831 1991
831 1500
833 885
834 1783
834 4105
834 5549
834 1471
835 7911
835 4664
835 5882
835 1487
836 6720
836 1585
836 2963
836 1542
836 1911
837 8600
838 3703
838 7415
839 4405
839 1711
840 7349
840 2040
840 2376
841 2928
841 1764
841 1062
841 1481
842 9537
842 9179
842 925
842 2431
843 3961
843 858
843 1050
843 2396
843 2558
844 1638
845 2888
846 3539
846 1049
846 971
846 5611
847 2032
848 6147
848 964
849 2503
849 9175
849 7273
849 1759
850 902
851 1478
851 3143
851 2170
851 5884
851 3438
852 3027
853 1170
853 3051
853 3660
854 1401
854 5103
856 1569
856 1925
856 1213
856 1997
857 1035
857 1163
857 3917
858 2347
858 5900
859 3742
860 4214
860 3708
860 1022
860 4142
860 5135
861 9490
861 3531
861 1151
862 2419
863 8008
865 4826
865 1067
867 2225
867 9301
867 9722
868 6747
869 1091
869 8260
869 1077
869 2998
870 8641
870 8675
870 1034
870 3148
871 1668
871 1157
871 983
871 9864
871 4270
871 3231
872 7237
872 918
872 937
873 960
873 9106
873 3388
873 4063
874 7827
874 2714
874 3354
875 6016
875 2455
875 3800
875 1855
875 4175
876 8034
876 5127
878 5314
878 5444
878 2357
878 2687
879 1832
880 6851
880 1669
880 8717
881 8272
881 6247
881 8503
881 3400
881 8728
881 4844
881 8527
882 1788
882 2510
883 8177
883 1570
883 3140
883 2408
883 2924
883 5532
884 2144
884 3441
884 7987
884 7562
884 1643
885 9280
885 3142
885 5417
885 5947
885 3759
886 1209
886 4393
887 7712
887 1767
887 9018
887 5308
888 2240
888 2596
888 2948
888 2089
888 1228
889 6191
890 2833
890 2643
890 1044
891 4819
891 9481
892 2035
892 2868
892 3628
893 5026
893 3588
893 4236
894 1092
895 2768
895 2829
895 7103
896 6792
896 4333
897 8881
897 1656
897 4555
898 3793
898 2658
898 5983
899 1521
899 2609
899 3779
899 8052
899 6822
899 3016
899 9036
900 3696
901 976
901 2836
902 2487
902 2329
903 2916
904 1084
904 3967
905 1017
905 1065
905 7532
906 6070
907 1218
907 7688
907 3945
907 4859
908 2065
908 6193
908 4182
908 7354
909 4353
909 1349
909 4317
909 1774
911 3436
911 1005
912 4648
914 5126
914 2024
914 7068
915 2124
917 2034
917 3475
917 2536
918 4193
918 9124
918 1918
919 2224
919 2611
919 1130
919 6859
919 5340
920 2039
920 1033
921 3712
921 2717
922 2649
923 2323
923 2667
924 3074
924 2036
925 1882
925 9563
925 4060
925 8428
926 985
926 1323
926 1531
926 4220
927 8354
927 2339
927 1702
927 1959
928 2490
929 2110
930 7497
930 1402
931 1099
932 1690
934 1924
934 5812
935 1571
936 2689
936 1352
936 4747
936 2175
936 9823
937 1014
937 1549
938 1377
938 8883
938 7862
939 2564
939 1672
939 1385
940 1234
940 2258
940 1205
940 8808
940 2234
940 4858
941 1552
941 2256
941 2707
941 1032
942 6881
942 6585
943 8122
944 7674
944 1339
944 1355
944 3452
945 3138
945 3364
946 1824
946 5176
948 2882
948 1846
948 5180
949 2612
949 6069
949 8344
949 3819
950 3186
950 2390
950 5533
951 7962
951 3659
951 2751
952 1511
952 955
952 4475
953 2597
953 1400
953 8989
954 2105
954 2509
955 4882
955 9656
955 4813
956 3508
957 3129
958 1057
958 3751
959 5988
959 4668
959 1519
960 5349
961 4919
962 2812
963 2561
964 3371
964 9806
965 8822
965 5879
966 3411
966 3515
967 6547
967 3337
969 4465
969 1875
969 1126
969 7830
969 2125
970 6244
970 2008
970 3083
971 4934
971 2745
972 1029
972 3734
972 2926
973 2016
973 1220
973 999
973 1000
973 3883
974 2135
974 2827
974 1212
974 6380
974 975
975 1698
975 6770
975 6262
975 3241
975 3401
976 3790
978 4812
979 1280
979 1367
979 1579
980 5079
981 3386
981 4571
981 8526
982 1665
982 6137
983 3300
983 8601
983 1482
983 2618
985 2433
985 1210
985 7114
985 9822
986 6485
986 2103
986 5847
986 9772
987 2098
988 1097
989 3258
989 6558
990 5089
990 6514
990 2713
990 2202
991 7283
992 4082
993 1790
994 6748
995 1107
995 1235
995 1285
995 3157
996 1648
996 3394
996 7316
996 3021
996 1486
997 1344
997 1966
998 4773
998 1064
998 1129
999 8581
999 2666
999 5068
999 6605
1001 5504
1001 1259
1001 3006
1001 7135
1002 6762
1003 3002
1003 8702
1004 9444
1004 6214
1004 1273
1005 2328
1006 1938
1007 2424
1007 5948
1007 2637
1008 1332
1008 1670
1008 4743
1009 9123
1010 1449
1010 7081
1011 8974
1013 1520
1013 2727
1013 1098
1013 1533
1014 2177
1014 1247
1015 5471
1016 9378
1016 4086
1017 1889
1018 7570
1018 6071
1018 3710
1019 3024
1019 7723
1021 3942
1021 5608
1021 1562
1021 5580
1021 4414
1022 2291
1022 1180
1022 1756
1022 8637
1023 1320
1023 1928
1025 5536
1025 1138
1025 4569
1027 8864
1027 5766
1027 9035
1027 1886
1028 5929
1029 1539
1029 2500
1030 4708
1030 2346
1030 1998
1031 1300
1031 1045
1031 1708
1031 7822
1032 2668
1034 6337
1034 1971
1035 8386
1035 9225
1035 1676
1036 3777
1036 5617
1037 1827
1037 7020
1038 4338
1038 2004
1038 5129
1038 1418
1038 9198
1039 7872
1039 3250
1039 1383
1039 1373
1039 2173
1039 7581
1040 2481
1041 2146
1041 2935
1042 3009
1042 4646
1042 8855
1042 1215
1043 7048
1044 8433
1044 1794
1045 2513
1045 2617
1045 1133
1046 5521
1048 1718
1049 7714
1050 2119
1050 9896
1050 4313
1050 3375
1051 4017
1051 8616
1051 2538
1051 3674
1052 1154
1052 1626
1053 2961
1053 5307
1054 4144
1055 1369
1055 6860
1055 3597
1056 6512
1056 7952
1056 5107
1057 9187
1058 1238
1059 5957
1059 2382
1059 2542
1060 3882
1061 2261
1061 4502
1061 3432
1062 1251
1062 3257
1062 4892
1063 2074
1063 3999
1064 5926
1065 2211
1066 4054
1066 4348
1066 1775
1067 5449
1068 3681
1068 5393
1068 1347
1068 2579
1068 2150
1069 7600
1069 1198
1070 4001
1070 7605
1070 1704
1070 1102
1071 6776
1071 1246
1071 1502
1072 2341
1072 5189
1072 2183
1072 3256
1073 1256
1074 1508
1075 1169
1075 2705
1075 1621
1075 4581
1076 3125
1076 7302
1076 6535
1076 1465
1076 1115
1076 2764
1077 3776
1077 3540
1077 4070
1077 2623
1078 1382
1078 2712
1078 9241
1079 2466
1079 3459
1079 4052
1079 1734
1080 1990
1080 2265
1081 8771
1081 1158
1083 1611
1084 2499
1085 9116
1085 1357
1086 7163
1087 1568
1087 1125
1087 1162
1088 3360
1088 3025
1089 3104
1089 2337
1089 9015
1089 4334
1090 5379
1090 7187
1090 8651
1090 2300
1091 3328
1091 7052
1091 8573
1092 3199
1093 3820
1094 1117
1095 2428
1095 4158
1096 1318
1096 3212
1096 1806
1097 1187
1099 3921
1099 1605
1099 4121
1100 2064
1100 1313
1100 1156
1100 2590
1101 4290
1102 3587
1102 3916
1102 6140
1103 1301
1106 2354
1106 7106
1106 1747
1107 5744
1107 3242
1107 1134
1108 4720
1108 9460
1109 1139
1110 8019
1110 3268
1110 6536
1111 5827
1112 4165
1113 5033
1114 2896
1114 1448
1114 3417
1115 3200
1115 5078
1115 8185
1115 1548
1115 5132
1117 1270
1117 5543
1118 2166
1119 6034
1119 6989
1120 7777
1120 1298
1120 1203
1121 1746
1121 2695
1121 1195
1121 5630
1122 2598
1122 7254
1122 3224
1123 6994
1123 3544
1124 2162
1124 2440
1124 1758
1125 1200
1125 4545
1126 2391
1126 4366
1126 9374
1127 1331
1127 1847
1127 1211
1127 5660
1128 1840
1128 2293
1128 2140
1129 1776
1129 4418
1129 1724
1130 2858
1130 1772
1131 2091
1133 2986
1134 2980
1136 7668
1136 5822
1137 8505
1137 1148
1137 1596
1139 1181
1140 2497
1140 2148
1140 4440
1140 6008
1140 2523
1141 6305
1141 1655
1141 2552
1141 5161
1141 2426
1142 4124
1142 9453
1142 5774
1143 4360
1144 3809
1144 3397
1145 3414
1145 1305
1145 3373
1146 9660
1147 2784
1147 3134
1148 1989
1148 1260
1148 1372
1148 1709
1149 1173
1150 5071
1151 4164
1152 5106
1152 3413
1152 2905
1152 6892
1153 5060
1153 7711
1155 1968
1155 3845
1155 3069
1156 4374
1156 1784
1157 3748
1158 1795
1158 1193
1158 2028
1159 4147
1160 1475
1160 3078
1160 2219
1161 3865
1162 4567
1162 2776
1163 7201
1163 4006
1163 1503
1164 1760
1164 4864
1164 1183
1166 1297
1166 4499
1166 2011
1166 2238
1166 7038
1167 7513
1169 3303
1169 4107
1170 1559
1170 2520
1171 1985
1171 2066
1172 2979
1172 3976
1172 1182
1173 1566
1174 2944
1174 4510
1175 1512
1175 3640
1176 5874
1176 7411
1176 1988
1177 5459
1177 3918
1179 1755
1179 2318
1180 1872
1180 6318
1182 5877
1182 1415
1183 2913
1183 3320
1183 6797
1183 4174
1183 5246
1184 1321
1185 3107
1185 4410
1185 4862
1186 1459
1186 8327
1186 2348
1186 3038
1188 5574
1188 2938
1189 4945
1189 5953
1189 4517
1189 4566
1189 3533
1190 1353
1190 9913
1190 3179
1190 2975
1191 2945
1191 1654
1191 1404
1191 6335
1192 1604
1192 5286
1192 6733
1193 1629
1194 1778
1194 2633
1195 3632
1195 3847
1195 3470
1196 5164
1197 2449
1197 4453
1197 9638
1198 4102
1198 2543
1201 2952
1202 4091
1203 2299
1203 3422
1204 2947
1204 4532
1204 3868
1206 4523
1206 3966
1207 3059
1207 4203
1207 4189
1208 1961
1209 4501
1211 2816
1211 5205
1211 1693
1212 5799
1212 6223
1213 2508
1214 2870
1215 5780
1215 7115
1216 4791
1216 1933
1217 5040
1217 4171
1218 3654
1219 8932
1219 1653
1219 4149
1221 1636
1221 4924
1222 6846
1223 2215
1224 6565
1224 1546
1224 4074
1225 1831
1225 6425
1226 8692
1226 3321
1226 4427
1227 1845
1228 2886
1228 4458
1229 3123
1229 5332
1229 6229
1229 5675
1229 1292
1231 3667
1231 6148
1231 3477
1231 2919
1231 3275
1231 1453
1232 7314
1232 7206
1232 1644
1233 1268
1233 3914
1233 4683
1234 2849
1234 1304
1234 2441
1234 7275
1235 5096
1236 2002
1236 3326
1237 3746
1237 1255
1237 1883
1239 1412
1239 2460
1240 2017
1240 2743
1241 2378
1242 3314
1242 1895
1242 1289
1242 1484
1243 9586
1243 4423
1243 1528
1244 1810
1244 1862
1244 3593
1245 5311
1246 7043
1247 5090
1247 5834
1247 4046
1248 2114
1248 4855
1248 1451
1248 1901
1249 3624
1249 2473
1249 6057
1249 6190
1250 5065
1250 3884
1251 2578
1252 1955
1252 3785
1252 2186
1253 4834
1253 1287
1255 2217
1255 2921
1256 6342
1256 5598
1258 3347
1258 6572
1258 1262
1259 1315
1260 2275
1260 3065
1261 5241
1262 2192
1262 3264
1262 2042
1263 1492
1264 6665
1264 2220
1264 3709
1264 7725
1265 4846
1265 2799
1266 2260
1266 1722
1266 1930
1266 2527
1267 6107
1268 1329
1268 2257
1268 4211
1268 2807
1268 4430
1269 1547
1269 1583
1269 3615
1270 7321
1271 4562
1271 2857
1272 6450
1272 5076
1272 6052
1273 1675
1274 1495
1274 9259
1275 1426
1276 2480
1276 1970
1276 2502
1277 2050
1277 6205
1279 2116
1279 1719
1279 2360
1279 2361
1279 2653
1280 6233
1281 1574
1281 1916
1281 5375
1283 1479
1283 1786
1285 2574
1286 2292
1286 3764
1286 8228
1286 3381
1286 3878
1286 8678
1286 7095
1286 5864
1286 6687
1287 5968
1287 1442
1288 1932
1289 1296
1289 1395
1289 5334
1289 4941
1290 6472
1291 4979
1291 9436
1291 1407
1291 2575
1292 3794
1292 7976
1295 8148
1295 1799
1296 2270
1297 6932
1297 1532
1297 1965
1298 7300
1299 2370
1299 2075
1299 8319
1300 1474
1300 3874
1300 1957
1300 3370
1301 1429
1301 2263
1302 9632
1302 5105
1303 4935
1303 1688
1303 8872
1303 4765
1304 3975
1304 4987
1304 6207
1305 2722
1305 7236
1307 3378
1307 9644
1308 1714
1308 8007
1309 3825
1310 1452
1310 5087
1311 5148
1311 2205
1312 2179
1313 4500
1314 3172
1314 3941
1315 5527
1315 2200
1316 3848
1316 1513
1317 4688
1317 1588
1317 4072
1317 2556
1318 5691
1319 5330
1319 1497
1320 1578
1320 6810
1320 1887
1322 1888
1322 1699
1322 3299
1322 3606
1322 1993
1322 8367
1323 8006
1324 2451
1325 1825
1326 3611
1326 6511
1327 7313
1327 4583
1328 2322
1328 1370
1329 6101
1329 2137
1330 6480
1330 2547
1330 2568
1330 6105
1331 8497
1332 2672
1332 6276
1332 2399
1333 1735
1333 9321
1335 7592
1335 2027
1335 3679
1336 3281
1336 3577
1336 5805
1336 9517
1337 4181
1337 1686
1337 1770
1337 2107
1337 1694
1338 4513
1339 4008
1340 6086
1340 6234
1340 1595
1342 4820
1342 1525
1342 2053
1342 1354
1342 5435
1343 3042
1343 3181
1344 2933
1344 5355
1344 1726
1346 1434
1346 6334
1347 3372
1348 1744
1348 2432
1351 4627
1351 3269
1351 7333
1351 2679
1351 3208
1351 7274
1353 6122
1354 5341
1355 1554
1355 3026
1355 1494
1356 5009
1356 6577
1356 5510
1356 7671
1356 1455
1357 2164
1357 2652
1357 7903
1358 5252
1358 2267
1359 2314
1359 2139
1359 1949
1359 1981
1359 2333
1360 4985
1361 4707
1361 2392
1361 1499
1361 4991
1363 2791
1364 1652
1364 4372
1364 5556
1364 1926
1365 6044
1366 9383
1366 3449
1366 1674
1366 3546
1367 2130
1367 4586
1368 2835
1368 3525
1369 4665
1370 1646
1371 1780
1371 3365
1372 2132
1372 3901
1373 4928
1373 1545
1373 5932
1374 2472
1374 2058
1374 4319
1374 4687
1375 2635
1375 6639
1375 6975
1377 1416
1377 2127
1378 1537
1378 2108
1379 1620
1379 3479
1379 5737
1379 4043
1380 1995
1380 8318
1381 9832
1382 5014
1382 1869
1383 4026
1384 3692
1385 7370
1386 3560
1386 2379
1388 2706
1388 5062
1388 8619
1389 7012
1389 4101
1389 9582
1391 1803
1392 2813
1393 2693
1394 1712
1394 2802
1394 8178
1394 3499
1395 1737
1396 4359
1397 3396
1397 7929
1397 9647
1398 1696
1398 4836
1398 2511
1400 7022
1401 4785
1401 5201
1401 2531
1401 5955
1401 4604
1401 7565
1402 3836
1402 5118
1402 9615
1403 2090
1404 6311
1404 4415
1405 1504
1405 8070
1406 9228
1409 5696
1409 6979
1409 3881
1409 7678
1410 3713
1410 3913
1411 4817
1411 6426
1412 3461
1412 2920
1412 4973
1414 7726
1416 3280
1416 3778
1416 1480
1417 3029
1419 3094
1420 3682
1420 7716
1420 9927
1420 9868
1421 6481
1422 4460
1423 4368
1423 9474
1423 9886
1423 2959
1426 2560
1426 3160
1427 3968
1427 5203
1427 3358
1428 2583
1428 4522
1428 5866
1429 9475
1429 1940
1429 5260
1430 8358
1430 2109
1431 4049
1431 5650
1432 7604
1434 1627
1434 3821
1434 6911
1435 8955
1436 9747
1436 4356
1436 2184
1437 3569
1438 5861
1438 5288
1438 7309
1439 4065
1439 7298
1439 4259
1439 5114
1440 3218
1440 9430
1441 1468
1441 2447
1442 1536
1442 3187
1442 9658
1443 2917
1444 1544
1444 2457
1444 6058
1446 3008
1446 8269
1446 2415
1447 2704
1447 1937
1447 9395
1448 2744
1448 9723
1448 5758
1449 1867
1450 6333
1451 1751
1451 5723
1451 3646
1452 4229
1453 4420
1453 6251
1454 2012
1454 6077
1454 4351
1455 4992
1455 2909
1455 3119
1455 3887
1456 2777
1457 7067
1458 3602
1458 2659
1458 2009
1458 8220
1459 9831
1460 1650
1460 3076
1461 5914
1461 4252
1463 9921
1463 1748
1465 3440
1466 7393
1466 3509
1467 2781
1468 5364
1468 3383
1468 3631
1469 4751
1470 7347
1470 6314
1471 2367
1472 1601
1473 9284
1473 2985
1473 6490
1474 1691
1475 4758
1475 8343
1477 6406
1477 3896
1479 1996
1479 4588
1479 1678
1480 6645
1481 1728
1481 4118
1482 4020
1482 2923
1483 9965
1483 5006
1484 7238
1484 1689
1484 2572
1486 4597
1486 2553
1486 1661
1487 6493
1487 1951
1488 7874
1491 9425
1491 5863
1491 6315
1491 4254
1492 2753
1492 5412
1492 4503
1492 3932
1493 1921
1493 3279
1494 2101
1494 7704
1494 2250
1494 9802
1494 9391
1495 1733
1496 3481
1497 3971
1498 2083
1498 3226
1499 4228
1500 1844
1500 2423
1501 1608
1501 2555
1501 3003
1504 8528
1504 6997
1504 3471
1505 6199
1506 4485
1507 6594
1507 4493
1507 8159
1508 2750
1509 2185
1510 5998
1511 3210
1511 7418
1512 8492
1513 2820
1513 7070
1514 5645
1515 2822
1515 2749
1516 7148
1517 8466
1517 1958
1517 2774
1517 2903
1517 2136
1517 1659
1518 2375
1518 1662
1518 1727
1519 2729
1519 3817
1519 3066
1519 3532
1519 1934
1520 2163
1520 6459
1520 2190
1520 8879
1521 4242
1521 3128
1522 4675
1522 6678
1522 5243
1523 5152
1523 7209
1525 8236
1525 2079
1526 3072
1526 3944
1526 5032
1527 2364
1528 3154
1528 7350
1529 9748
1529 2873
1529 6219
1529 2991
1529 5119
1530 1622
1530 2047
1531 4801
1531 7895
1531 1673
1532 3585
1532 4247
1533 3869
1534 8720
1534 9957
1535 8977
1535 1943
1536 1763
1536 3483
1537 3120
1537 2860
1538 2271
1539 4307
1539 3207
1540 2615
1540 7383
1541 2387
1541 9289
1542 3442
1542 7218
1542 3293
1543 1860
1543 3690
1543 9757
1544 3522
1544 7449
1545 9933
1545 9503
1546 3246
1548 1851
1549 1649
1550 3464
1550 7690
1551 3972
1551 5085
1553 7612
1554 1632
1554 1906
1554 5831
1554 5419
1554 3822
1555 3114
1556 2369
1556 4609
1556 6167
1556 6937
1558 9761
1558 8895
1559 5828
1559 4742
1562 4407
1562 3019
1563 9168
1563 7795
1563 1977
1563 9082
1563 6589
1564 9976
1564 6127
1565 3012
1565 2854
1566 6466
1566 4455
1566 8074
1566 2398
1567 1907
1567 9702
1567 6571
1568 6076
1568 4911
1570 1927
1570 9133
1571 4561
1571 2862
1572 3502
1573 1723
1573 1580
1573 2494
1574 1591
1574 1879
1574 7451
1575 4725
1575 5901
1576 2000
1576 1777
1576 4021
1576 2842
1576 6379
1577 3652
1578 1697
1578 9878
1579 1865
1579 3834
1579 1757
1579 9229
1580 8038
1581 5028
1581 7645
1582 3570
1582 9042
1584 2232
1584 8427
1584 1871
1585 4409
1585 9535
1586 2048
1586 9210
1586 1852
1586 2686
1587 6054
1587 9359
1588 2407
1589 5977
1590 2111
1592 1876
1592 4395
1594 5137
1595 1637
1596 2404
1596 7452
1596 5133
1597 3457
1597 9076
1598 1716
1598 7573
1600 2694
1601 4248
1601 2954
1602 1796
1602 1657
1603 2290
1603 5765
1603 9770
1605 5249
1605 3102
1606 2808
1607 9616
1607 5317
1608 1720
1608 4284
1609 5670
1609 2174
1611 9792
1612 3206
1612 7963
1612 1885
1612 2927
1612 5055
1614 2546
1615 3984
1615 2626
1615 7843
1615 3498
1616 5750
1617 6336
1617 9426
1618 1878
1618 3014
1620 3684
1620 5886
1620 1903
1620 6431
1622 2468
1622 5466
1622 7693
1623 5120
1623 6521
1623 2126
1624 2592
1624 4658
1624 3092
1625 2099
1625 1732
1626 3312
1626 3745
1626 5031
1626 3039
1627 3307
1627 5389
1627 2863
1630 8384
1630 2231
1630 7576
1631 5019
1631 3023
1633 8800
1634 2810
1634 1789
1635 8578
1635 1956
1635 9861
1635 9805
1636 5070
1637 4881
1638 3259
1638 4731
1639 4133
1639 5227
1640 2308
1640 2964
1642 5891
1642 6259
1642 3774
1643 2934
1644 6113
1644 2154
1645 8681
1645 5403
1646 3017
1646 2335
1646 3711
1647 7702
1647 5197
1648 2544
1648 5232
1648 2962
1649 4843
1650 3987
1651 9025
1651 7878
1651 7303
1651 1791
1652 4883
1652 6921
1653 3954
1654 4081
1654 6659
1654 9975
1655 1923
1655 2227
1655 3301
1655 7084
1655 7245
1657 7960
1658 6854
1658 9030
1660 1713
1660 1730
1660 7082
1661 6955
1662 4336
1662 6128
1662 3526
1664 1717
1666 1898
1666 9422
1667 9801
1668 2711
1668 4829
1669 8599
1669 1823
1670 6104
1671 6339
1672 2709
1673 2359
1674 6918
1675 3603
1675 1941
1675 6632
1675 8233
1676 3552
1676 3803
1676 9483
1677 1817
1677 7738
1679 9211
1680 2834
1680 2725
1680 2030
1680 2319
1681 7754
1681 2094
1681 5134
1682 7505
1682 8745
1682 2015
1683 7074
1683 5619
1683 7337
1683 3756
1684 4404
1684 2037
1684 2825
1686 2142
1687 4770
1687 4999
1687 2159
1688 1692
1689 5472
1689 2435
1689 2372
1689 4886
1691 5942
1691 2056
1691 1821
1692 1765
1692 4170
1692 6159
1693 8410
1693 6111
1694 1856
1694 2864
1694 4215
1694 2795
1695 5699
1695 7749
1695 7290
1696 2876
1696 8973
1698 3121
1698 3302
1699 6295
1699 4376
1699 3305
1699 5450
1700 1857
1700 6744
1700 1978
1701 2613
1701 5718
1701 3149
1702 2746
1702 1884
1702 3101
1705 9237
1705 4183
1707 2755
1707 4403
1708 8450
1709 3090
1709 3124
1709 7892
1709 9290
1709 2287
1710 2960
1710 2145
1710 9532
1711 5787
1711 1836
1713 5682
1713 7609
1713 5325
1714 2279
1714 3387
1715 9654
1715 2106
1716 5156
1717 2824
1717 3116
1717 3550
1719 8339
1719 4587
1720 3363
1721 9320
1724 2766
1725 3505
1725 7789
1726 2524
1726 6222
1727 6588
1728 4839
1728 2330
1728 3228
1729 1915
1730 5974
1731 3991
1731 3930
1731 6479
1732 8016
1733 9446
1733 4904
1734 8072
1735 2003
1735 2691
1736 5990
1737 6454
1738 5576
1739 2675
1739 1900
1740 7099
1741 3291
1741 6475
1741 4494
1742 3290
1742 6670
1743 3906
1743 6442
1743 5196
1745 2562
1745 2932
1748 1826
1748 5524
1749 9009
1749 7346
1749 3451
1749 5613
1751 3488
1751 4907
1752 7881
1752 3866
1753 3393
1754 5906
1754 4872
1754 3578
1754 7292
1755 2767
1756 3730
1756 2645
1757 6051
1757 1861
1758 1779
1758 9788
1761 1969
1761 6099
1761 1829
1762 5056
1762 6873
1762 9054
1762 5919
1763 4621
1764 5979
1765 9105
1765 2072
1765 4363
1767 2169
1768 4940
1768 3566
1768 5278
1769 2321
1769 3698
1769 6362
1770 9525
1772 9303
1772 5242
1773 4736
1773 7957
1773 4246
1773 2199
1773 2969
1773 5595
1773 8397
1775 7850
1776 5656
1776 2349
1777 8746
1777 5967
1778 2785
1778 9833
1778 4988
1779 9312
1780 2581
1780 4764
1781 5681
1781 2158
1782 2922
1782 5467
1783 3139
1783 6301
1783 5631
1784 1842
1784 3132
1784 3292
1785 4920
1786 2728
1786 4188
1787 5844
1789 7890
1789 5178
1790 9355
1791 4209
1791 3583
1792 9888
1792 3182
1794 9324
1794 2461
1796 4114
1796 2253
1796 2302
1797 9891
1797 2900
1801 3920
1801 4396
1802 2403
1802 2830
1803 2496
1803 5784
1803 4187
1804 2902
1804 2907
1805 8448
1805 4917
1805 6169
1806 1972
1806 2060
1806 7951
1807 8577
1810 2067
1810 2325
1810 2805
1811 2195
1812 2595
1812 1994
1812 3994
1813 4450
1813 6022
1813 2264
1813 1839
1814 2288
1814 6519
1814 7319
1814 6268
1815 3000
1815 4541
1815 2495
1816 2484
1816 6708
1816 5159
1818 2685
1820 2422
1820 1914
1821 1962
1821 4542
1822 8761
1823 2368
1823 2366
1826 3344
1826 4328
1827 4035
1829 6953
1832 6048
1832 5373
1832 8797
1832 6063
1833 1987
1833 3165
1835 5149
1836 7480
1836 3561
1836 9727
1837 1873
1837 7122
1837 3113
1838 2696
1839 2001
1839 4741
1839 4022
1840 2786
1840 4205
1841 2207
1843 9763
1845 4267
1846 2176
1847 5235
1847 2233
1849 3392
1849 2133
1849 5567
1850 1920
1851 6725
1851 8971
1851 4877
1852 2365
1853 2819
1855 4027
1856 4280
1856 3309
1857 1890
1857 2018
1857 4642
1858 4361
1858 2734
1858 3982
1859 3185
1859 6338
1859 2437
1860 4553
1862 2193
1862 7745
1862 4162
1862 5171
1862 8868
1862 1950
1863 3757
1864 3338
1865 4355
1865 3636
1865 7912
1865 4138
1865 2878
1865 4799
1866 3426
1866 2324
1866 3849
1866 9006
1867 3420
1868 4867
1868 5365
1868 5710
1869 7014
1872 3399
1873 4274
1873 3619
1874 2448
1874 4495
1875 4159
1876 4023
1876 5160
1876 9482
1876 3886
1877 4582
1878 2320
1878 5904
1879 5048
1879 4777
1880 2080
1880 5086
1882 2113
1882 8199
1882 3535
1883 7365
1883 1896
1883 4619
1883 7742
1884 6400
1884 2209
1884 8961
1884 5229
1885 4516
1886 8666
1888 3054
1889 2621
1891 7330
1891 9156
1891 9372
1892 3650
1892 4629
1893 3061
1895 6790
1895 3416
1895 4184
1896 2775
1896 3067
1896 5597
1897 4929
1897 3902
1898 4637
1899 2739
1899 3949
1900 4690
1900 9051
1901 2273
1901 3234
1901 4441
1902 5034
1902 2765
1902 8877
1903 3733
1903 9099
1906 8722
1906 6042
1907 8615
1907 4062
1908 2358
1910 5426
1910 1946
1911 8288
1911 3193
1913 8869
1914 2373
1914 6713
1915 7512
1915 5385
1915 4364
1915 8444
1916 4969
1916 5658
1916 3355
1917 7572
1917 3625
1917 2475
1918 5333
1918 2247
1918 9048
1918 5628
1919 2021
1921 2221
1921 2974
1922 6779
1922 3084
1923 3598
1924 3998
1925 3013
1925 3736
1925 5401
1925 8620
1926 2097
1927 4787
1927 6267
1927 8172
1928 7710
1928 9214
1930 2312
1932 4106
1932 2156
1933 3310
1933 6302
1933 3455
1937 2155
1938 8361
1939 4641
1939 4108
1940 4521
1941 2138
1941 3997
1941 3630
1942 3091
1942 5659
1942 4783
1943 8624
1943 8546
1943 3910
1943 2045
1944 9520
1944 9907
1945 3298
1945 2409
1945 3614
1946 6290
1947 2020
1947 8782
1948 4626
1949 5257
1950 2826
1950 6843
1952 3322
1952 7165
1954 5734
1955 5649
1955 6344
1956 5063
1958 7007
1959 9991
1961 8885
1961 3622
1961 3846
1961 2525
1962 3056
1963 5732
1963 2486
1963 3430
1963 4728
1964 2070
1964 3798
1965 8960
1965 2104
1966 8217
1967 3833
1967 3277
1967 6445
1967 3807
1968 3783
1969 3618
1969 2506
1970 6231
1970 3007
1971 5829
1971 5897
1971 2894
1972 6817
1972 3087
1973 6664
1976 6145
1976 7635
1976 9734
1976 8920
1977 2054
1977 2988
1977 2446
1980 6780
1980 9903
1982 2151
1982 2171
1982 2747
1983 6160
1983 3665
1983 2210
1984 2627
1984 8596
1985 6240
1985 2141
1986 2149
1986 2741
1987 2708
1988 3697
1988 3317
1989 8657
1989 5548
1990 7288
1990 7661
1990 2895
1991 3828
1991 4237
1992 8242
1992 4135
1992 2123
1992 5547
1993 2371
1993 3215
1994 9336
1995 2492
1995 5869
1996 3491
1996 2309
1996 6661
1996 5815
1996 4824
1998 7866
1999 6693
1999 5128
1999 2254
2000 9361
2001 3669
2001 4223
2002 8626
2002 2115
2003 6827
2004 6467
2005 6097
2005 6643
2005 2331
2006 3780
2007 9098
2007 4845
2008 2041
2010 7384
2010 7310
2012 3818
2013 7395
2015 3938
2015 7865
2017 2690
2017 2505
2017 2987
2019 6486
2019 2201
2021 4362
2021 2303
2022 5093
2022 3741
2022 4445
2023 4893
2024 9716
2025 9019
2025 4876
2026 4128
2026 5173
2026 9451
2027 4100
2028 4797
2029 6471
2029 7127
2030 9351
2031 8351
2032 7521
2032 6412
2033 6241
2034 3225
2035 7593
2035 5035
2036 6081
2036 9979
2037 2143
2038 3905
2038 2949
2038 3450
2038 2351
2039 2871
2040 7311
2041 8001
2041 2898
2041 5225
2042 3263
2043 2452
2043 9512
2044 6002
2044 5881
2045 6376
2048 8841
2049 4425
2049 8059
2050 6742
2050 6366
2051 4966
2052 2307
2052 3795
2052 2700
2053 2479
2054 5346
2055 5952
2058 2084
2058 5653
2059 2284
2060 2526
2060 4446
2062 5445
2063 7640
2064 4208
2064 2797
2065 6419
2065 2100
2065 3657
2066 8711
2066 3276
2067 3495
2068 2401
2068 6255
2068 7231
2069 7694
2070 2740
2071 2545
2071 2262
2072 3445
2073 4234
2074 9063
2074 4986
2075 3610
2075 2395
2075 3437
2076 3030
2076 5819
2077 6496
2077 3589
2077 6965
2077 5007
2079 3995
2080 2832
2080 2222
2081 2977
2081 3235
2083 3173
2083 4863
2084 2514
2084 3271
2085 9608
2085 2939
2085 3629
2085 2814
2086 6448
2086 3368
2086 2187
2088 4172
2088 9085
2089 6954
2090 9955
2094 9768
2094 5017
2095 4389
2095 5302
2095 2984
2095 2891
2095 3164
2095 2381
2096 3049
2096 6815
2097 7653
2097 5289
2097 2940
2097 7421
2098 3034
2100 2848
2100 5491
2100 4260
2100 3755
2102 2573
2104 4578
2105 4179
2105 8694
2107 3839
2108 4213
2108 9271
2110 7031
2111 2655
2112 3909
2112 6824
2113 2742
2113 2248
2113 7342
2114 3135
2116 8435
2117 4548
2117 9029
2117 9564
2118 3586
2118 5190
2118 4456
2118 9550
2120 2386
2120 5530
2120 2859
2121 5502
2122 7652
2122 9195
2123 2610
2123 4949
2123 9000
2123 9513
2124 2228
2124 5174
2125 3130
2125 2559
2126 2692
2127 5746
2127 3514
2128 5943
2128 4268
2128 6573
2128 4815
2130 5104
2130 8097
2132 8071
2132 6187
2132 2607
2134 2385
2134 6402
2136 3649
2137 3685
2137 5049
2138 5730
2139 4064
2139 3740
2140 2806
2140 2651
2143 2570
2143 2491
2145 2178
2145 2599
2145 5369
2146 2539
2146 3166
2147 3814
2147 5590
2149 2469
2149 5994
2152 3960
2153 5620
2153 7925
2153 8793
2153 2463
2154 8321
2154 6388
2155 2529
2155 5871
2157 9369
2157 6010
2158 3841
2158 2355
2158 7036
2159 5469
2160 2334
2162 2937
2163 9620
2163 2733
2164 3888
2164 4217
2165 3872
2165 4674
2165 6378
2166 2636
2167 2483
2170 2936
2171 2304
2171 4310
2172 2216
2173 2268
2175 2841
2177 2464
2177 4071
2179 5954
2180 7088
2180 4837
2180 4671
2182 4806
2185 5606
2185 4748
2185 5279
2186 5331
2188 4468
2188 4873
2190 2281
2190 4426
2190 6926
2192 2306
2192 6840
2192 2718
2192 7055
2194 8532
2195 6656
2195 2778
2196 3329
2196 4378
2196 9242
2199 7445
2199 7368
2200 9216
2200 2957
2201 3137
2202 5985
2202 2226
2202 9178
2203 3005
2204 3249
2204 2406
2204 8489
2204 9291
2204 5951
2205 4325
2206 3282
2206 4950
2207 7796
2207 4635
2208 5685
2210 3501
2211 8854
2213 6766
2214 2246
2216 2470
2216 5350
2217 8162
2217 9798
2218 2530
2219 4117
2221 5842
2222 2856
2222 7676
2222 4207
2223 3011
2223 2892
2223 4127
2224 3171
2224 3203
2225 4227
2225 4537
2225 7004
2225 7885
2228 2851
2228 3699
2228 4767
2229 2434
2229 9711
2230 4552
2230 7673
2231 6566
2232 2789
2233 6944
2233 6274
2234 7767
2235 2594
2235 3575
2236 2493
2237 2724
2237 9580
2237 3678
2237 9071
2238 6606
2239 8774
2239 3453
2239 3454
2243 5293
2244 3596
2245 5637
2245 6363
2247 3576
2250 2798
2251 2760
2252 2454
2252 2983
2253 3889
2253 4212
2253 3082
2254 3232
2254 5969
2255 9488
2255 8132
2255 4301
2257 5782
2257 8411
2258 6427
2259 4422
2261 8754
2261 4042
2261 4413
2262 7955
2263 2897
2263 5817
2264 7024
2264 2588
2265 6065
2265 2421
2265 8776
2265 8906
2266 2507
2267 3201
2267 8769
2267 8054
2268 4256
2269 8512
2269 6237
2270 3412
2270 3086
2271 7413
2272 4186
2272 4316
2273 5292
2276 2482
2276 2731
2276 3419
2276 2541
2279 4544
2279 3089
2279 4439
2280 9188
2280 2569
2280 6430
2283 4177
2283 8018
2284 2901
2285 2298
2286 4417
2286 3538
2286 3977
2287 2752
2287 3655
2288 4240
2288 3044
2288 9546
2291 5368
2292 5570
2292 7351
2293 7568
2293 2855
2295 3973
2296 9136
2296 6980
2296 4861
2297 2716
2299 2624
2299 7267
2300 4771
2300 7412
2300 9542
2301 6648
2301 6041
2302 7625
2302 6027
2304 4431
2305 8901
2305 2943
2307 8867
2307 5367
2308 2817
2308 5551
2309 7009
2309 3350
2309 6473
2311 8146
2311 2313
2313 3680
2313 6943
2314 2972
2315 7001
2315 3802
2315 8396
2316 5986
2316 3773
2317 4053
2317 8533
2318 7063
2318 3880
2319 3553
2319 2818
2319 7672
2320 7970
2320 2647
2322 3362
2322 8407
2322 5579
2323 9297
2323 6282
2324 2720
2324 5616
2324 2601
2324 4681
2326 5209
2326 3050
2327 2906
2327 6347
2328 8056
2329 8104
2329 3369
2330 6814
2331 7522
2331 6771
2331 4264
2331 2684
2332 2865
2332 3230
2333 8707
2333 4649
2334 3217
2335 3876
2336 7335
2336 6093
2337 8360
2337 3071
2341 2642
2341 5928
2342 7200
2343 4757
2343 9718
2344 6931
2344 3178
2344 5823
2346 3792
2346 6129
2346 3174
2347 3859
2348 4276
2348 7006
2348 7583
2349 3595
2350 8353
2350 8325
2351 2352
2351 2790
2351 2430
2352 6066
2352 7060
2354 2576
2354 5889
2354 3663
2355 8524
2356 3573
2356 2476
2356 4143
2357 4689
2357 9507
2357 3247
2357 3647
2358 6981
2362 9253
2363 7073
2363 3191
2365 4190
2367 6293
2368 6217
2371 8404
2371 3097
2371 2413
2372 5956
2373 5046
2374 3543
2374 5918
2376 9617
2377 7580
2377 2782
2378 2726
2379 6755
2380 4342
2381 8421
2381 3047
2382 5960
2382 5258
2383 4163
2383 3719
2384 3728
2384 3768
2385 4132
2385 4055
2385 2715
2386 6865
2387 3904
2387 5916
2387 6253
2387 6621
2388 4178
2388 4013
2389 5722
2391 9411
2391 7064
2391 2794
2392 5488
2392 4383
2393 4129
2393 8198
2394 2803
2396 4800
2397 5125
2397 4486
2397 5262
2398 6872
2398 4733
2399 5013
2399 8135
2400 4589
2401 6074
2402 6642
2402 5251
2402 8812
2403 3410
2403 2438
2403 2488
2404 5526
2404 5627
2405 3222
2405 8621
2405 3486
2406 4964
2406 3781
2406 3195
2406 7965
2407 3600
2407 2660
2407 5399
2408 8291
2409 4852
2409 4488
2409 7880
2409 9192
2409 8045
2410 5715
2411 2738
2411 9279
2413 2550
2414 2608
2414 4788
2414 9093
2414 4972
2415 3506
2415 5015
2415 4717
2415 9357
2417 8465
2417 4802
2417 5759
2418 8462
2419 8562
2419 4251
2420 7448
2421 7457
2421 3731
2421 6361
2423 5010
2424 7220
2425 3106
2425 5415
2426 5552
2426 9943
2426 6394
2427 4470
2427 2571
2428 2459
2428 9740
2429 3112
2429 6152
2430 7172
2430 3791
2431 7953
2433 6288
2434 3345
2434 2779
2437 5416
2439 3058
2439 6757
2440 2701
2440 3661
2442 7908
2443 7494
2443 7519
2444 3523
2444 4971
2446 4099
2446 6073
2448 6753
2448 6580
2449 3952
2449 2629
2449 4822
2449 9708
2449 2893
2449 9759
2450 6461
2450 3070
2451 3424
2451 4967
2451 8408
2452 3233
2453 4136
2453 3500
2453 7214
2454 2467
2454 3670
2454 6075
2455 9844
2456 2811
2457 4098
2457 9381
2457 7322
2459 2638
2459 6543
2460 7685
2461 7406
2462 3169
2462 6961
2462 7606
2463 8304
2464 3278
2467 4002
2468 2828
2468 5836
2468 3341
2469 7426
2469 3752
2471 6575
2472 9659
2476 2580
2476 2619
2477 2754
2477 4937
2477 5692
2477 3118
2479 5041
2480 4697
2481 3877
2481 4645
2481 2681
2481 2780
2482 2557
2483 2867
2484 4146
2484 8924
2488 4944
2488 5323
2489 7619
2490 9256
2490 3244
2492 2758
2492 7882
2493 5586
2494 4778
2496 7089
2496 2904
2496 7369
2498 9602
2499 5353
2501 6663
2501 5211
2502 2584
2503 3823
2504 7061
2505 6420
2506 8687
2507 9434
2507 3838
2507 6638
2509 3928
2509 5851
2510 5144
2510 4654
2511 3385
2512 6634
2513 3767
2513 9610
2513 2796
2515 5716
2515 5398
2515 8294
2517 5768
2518 7526
2518 4984
2519 4024
2519 6367
2520 2677
2520 3037
2520 5855
2521 4337
2522 9814
2523 2994
2523 3079
2523 2670
2524 5168
2524 3503
2525 2912
2525 9837
2526 6616
2526 5739
2527 2788
2527 7817
2527 8569
2529 3053
2531 3032
2531 8495
2532 3155
2532 4568
2533 5857
2534 3060
2534 3288
2535 3284
2535 3447
2537 4662
2537 6839
2537 5694
2538 4821
2539 6690
2539 4087
2542 3873
2542 2698
2543 9559
2543 5455
2544 7459
2544 3211
2545 6662
2546 9856
2546 2839
2546 3115
2546 7132
2546 6831
2547 3816
2548 3723
2549 6283
2549 9501
2551 3240
2551 6296
2554 3153
2554 2604
2554 3806
2555 7700
2556 5222
2556 4760
2557 3843
2558 2982
2558 7243
2559 2663
2560 5973
2560 3870
2561 2978
2563 4884
2563 6875
2564 3141
2564 8748
2565 9117
2566 3265
2567 9652
2567 5771
2568 6848
2569 4511
2570 9779
2570 2719
2571 9778
2572 6438
2573 6622
2574 8373
2574 9004
2575 7502
2577 8004
2579 2884
2580 5939
2580 3237
2581 9078
2582 5053
2584 6615
2584 4204
2585 2678
2585 3580
2586 3480
2586 3327
2587 4244
2589 5592
2590 4900
2590 8089
2591 4514
2591 3339
2592 6913
2594 3472
2594 9673
2594 9419
2595 5632
2595 5414
2595 4266
2599 8369
2600 4145
2600 3970
2600 4354
2601 7301
2601 3871
2603 8690
2605 6250
2605 3068
2608 4388
2608 8922
2609 2673
2610 3749
2610 3947
2612 5803
2613 8119
2613 6106
2615 5109
2615 2620
2616 4294
2618 6064
2618 6596
2621 7305
2622 4094
2624 3537
2624 4113
2624 4075
2626 8356
2626 4696
2626 4491
2627 6539
2628 4960
2629 4288
2629 6719
2630 3911
2631 3033
2632 6641
2632 9714
2632 6825
2633 7556
2634 5214
2636 5845
2637 3926
2638 2950
2638 3223
2640 4154
2640 4618
2641 5873
2641 7363
2642 3077
2643 6139
2643 4527
2645 8933
2645 6206
2646 6992
2649 2973
2650 7432
2651 2877
2654 9657
2655 6966
2655 9662
2657 7056
2658 5360
2659 5218
2659 9510
2660 8689
2660 5517
2661 4993
2662 6636
2663 9681
2663 5202
2665 9111
2666 4192
2666 5769
2667 2899
2669 5584
2669 8128
2670 7374
2671 9825
2672 9777
2672 4916
2672 4792
2672 3274
2673 3108
2673 4573
2674 7511
2674 8540
2675 4710
2676 4084
2677 6876
2678 5591
2678 5374
2679 5920
2679 6436
2680 3285
2680 2783
2681 7617
2681 3395
2682 4340
2683 5507
2683 6820
2683 9915
2683 4879
2684 3473
2684 3688
2684 5802
2684 3099
2686 3333
2687 3161
2687 5146
2689 4830
2689 2815
2690 3105
2690 5669
2691 2762
2691 2748
2692 8107
2693 3547
2694 3433
2694 5708
2695 3429
2695 5662
2696 8115
2696 3380
2696 2869
2696 6710
2696 3261
2697 4901
2697 3626
2698 9185
2698 5254
2698 4860
2698 4766
2700 8658
2700 2874
2701 4682
2702 5636
2702 5615
2704 7334
2704 3352
2705 6891
2705 8654
2706 2971
2707 4576
2709 4769
2709 2723
2709 7510
2709 4954
2709 8986
2709 9163
2710 3389
2710 7791
2712 9997
2713 6887
2713 8556
2713 4111
2714 9741
2716 4033
2716 4166
2717 8857
2717 8511
2718 4442
2719 5357
2720 5528
2720 3963
2720 6591
2722 3332
2723 3098
2723 8140
2723 3133
2725 6060
2725 6700
2726 3627
2726 3020
2728 8664
2728 3513
2730 3476
2730 4038
2732 6341
2733 2847
2735 2770
2736 9601
2736 8617
2737 4343
2737 8909
2738 3194
2739 3075
2740 5610
2742 8311
2742 5757
2742 6701
2743 5984
2743 9696
2743 8313
2744 6120
2746 2756
2746 6012
2748 6387
2748 6691
2752 5987
2753 8726
2753 9113
2753 5950
2754 3260
2754 3645
2756 4003
2756 6317
2757 4497
2757 8530
2757 3272
2758 9506
2758 7812
2759 4239
2760 9693
2761 6356
2762 7312
2762 3799
2762 5179
2764 3202
2764 3897
2766 3331
2766 5000
2767 5037
2768 3801
2768 3403
2770 3349
2770 3404
2771 4058
2772 7956
2772 4093
2775 9427
2775 5236
2775 7128
2777 7427
2777 4085
2777 7181
2777 7679
2778 6930
2778 7778
2780 9109
2780 8935
2780 4009
2781 4647
2784 8856
2785 3496
2785 7246
2786 4774
2787 7855
2789 4520
2789 6138
2790 9889
2790 4866
2791 3830
2791 3671
2791 5790
2792 5020
2792 7629
2795 3041
2795 7979
2796 3568
2796 6564
2796 3769
2797 2992
2797 8554
2797 6991
2799 7129
2799 8927
2801 3095
2802 6369
2802 2996
2803 8944
2803 7186
2803 3221
2805 3760
2805 7854
2807 7473
2807 7748
2807 5736
2808 6136
2809 8183
2810 4678
2810 5894
2811 3353
2811 8938
2813 4000
2815 9186
2816 7681
2816 3542
2817 9987
2818 7889
2818 6477
2819 4397
2820 3190
2821 3644
2822 5216
2822 3145
2822 3981
2822 4685
2823 4327
2823 2845
2824 9282
2824 8166
2826 6112
2826 4279
2826 8153
2828 4401
2829 4048
2829 2967
2829 9735
2830 6522
2831 5840
2831 3844
2832 4096
2832 5072
2832 6343
2832 2953
2832 8076
2834 6545
2834 3080
2835 6532
2835 7686
2835 3770
2836 2853
2836 4923
2837 3706
2837 3950
2838 9044
2838 5479
2838 8426
2840 3062
2840 3048
2840 3832
2842 8212
2842 5402
2843 9980
2845 5344
2845 3694
2849 6037
2849 7447
2849 4041
2850 7590
2851 6647
2852 3040
2852 4110
2852 3439
2853 4068
2853 9815
2853 3146
2853 8219
2853 3357
2854 5706
2855 4103
2856 7755
2857 3248
2857 5465
2857 8587
2857 2908
2858 5047
2858 2941
2859 5342
2861 3612
2862 8576
2863 5283
2863 8439
2865 4384
2865 3348
2865 8149
2865 3545
2865 8829
2866 5088
2869 9045
2869 7958
2869 3465
2869 3978
2870 4045
2873 3150
2874 6437
2874 6917
2875 3427
2878 4019
2878 8953
2879 8315
2879 6078
2880 3336
2880 4126
2881 6667
2882 2931
2882 5443
2883 4119
2883 3933
2886 3492
2887 4370
2889 5280
2889 4761
2889 6510
2891 3159
2892 4590
2893 3704
2894 9221
2895 3858
2896 6213
2896 3151
2899 5456
2900 4693
2900 7930
2901 4913
2901 3758
2901 5102
2901 9854
2902 5270
2904 3156
2904 4842
2906 6227
2907 3890
2907 3028
2908 9960
2909 4660
2910 3727
2911 9765
2911 4331
2911 5837
2912 9881
2913 3468
2913 4076
2914 7641
2914 5356
2915 8285
2918 3810
2918 3144
2918 7145
2919 4226
2920 5410
2921 3722
2922 4090
2922 4012
2924 5184
2925 7991
2926 8277
2926 7110
2926 6183
2926 7801
2927 5324
2929 5970
2930 6355
2930 7124
2931 8255
2933 6307
2934 5193
2934 8347
2934 6014
2935 4784
2935 8061
2936 7656
2936 8237
2939 3641
2939 4828
2940 8215
2942 8209
2943 5638
2943 8473
2944 3705
2945 5077
2946 6739
2946 8430
2947 8850
2947 9326
2949 3376
2951 8100
2952 6598
2953 4411
2955 7781
2955 3306
2956 5303
2956 4365
2958 6835
2958 7227
2959 6520
2960 4921
2962 6390
2962 5513
2964 3771
2965 3377
2965 3572
2966 5409
2967 6620
2968 3700
2968 4153
2969 5474
2969 6666
2969 7563
2969 3516
2970 3057
2970 3558
2970 9850
2970 3899
2971 5433
2971 3466
2972 4772
2973 3891
2974 6370
2974 6245
2977 7136
2977 5329
2977 4515
2983 7997
2984 5646
2984 3055
2986 4379
2987 3188
2987 5223
2989 5381
2989 3448
2989 7611
2989 3534
2990 5390
2991 3653
2992 5875
2992 5188
2993 3556
2993 3863
2993 5981
2994 5348
2995 8328
2995 3948
2995 8302
2996 4073
2996 5310
2997 8310
2997 4057
2998 9666
3000 4933
3001 3127
3002 4628
3003 4878
3004 3238
3004 6940
3005 5200
3005 4518
3006 6858
3007 9338
3009 6803
3010 5475
3013 3591
3016 6407
3018 3726
3019 9011
3020 7761
3020 8967
3020 7279
3021 7825
3021 6947
3021 3524
3021 4285
3022 3964
3023 8510
3024 3088
3024 4998
3025 3446
3025 3980
3026 6500
3029 7255
3029 7614
3030 4448
3033 6271
3035 4663
3035 8158
3036 9206
3038 6358
3038 4350
3041 5490
3042 5824
3043 5825
3043 3443
3044 3463
3044 8042
3044 9405
3045 4262
3045 3183
3047 5930
3047 9628
3048 6626
3049 6525
3049 3406
3050 6204
3050 6509
3051 8147
3052 5525
3054 5297
3054 5618
3056 3177
3057 9238
3057 8156
3058 6053
3060 8609
3060 7618
3060 8941
3061 8445
3063 6226
3063 7588
3063 4140
3063 6381
3065 4976
3065 3267
3065 8729
3065 9691
3065 4349
3069 3196
3070 7898
3071 4150
3072 8419
3072 9299
3073 8597
3074 9041
3074 9234
3074 7844
3074 5448
3075 7329
3075 4948
3077 8163
3078 3379
3079 3851
3080 3812
3080 7503
3081 5856
3081 5781
3081 8635
3083 5713
3083 8098
3083 5460
3083 8346
3084 4775
3086 9208
3086 3467
3086 9963
3087 5522
3087 9061
3088 8672
3088 5239
3088 6088
3089 4233
3090 3992
3090 3497
3092 7010
3094 8851
3094 5535
3095 3315
3095 3620
3098 8801
3099 3541
3100 8049
3100 3894
3102 6375
3102 4125
3104 7558
3104 4572
3105 4464
3105 3668
3105 5862
3105 9835
3106 4292
3106 3351
3107 5022
3108 6569
3110 7331
3111 7251
3112 7021
3113 8606
3113 7551
3115 3908
3116 5025
3120 4616
3121 5934
3122 6583
3122 7823
3127 3651
3128 6353
3128 5100
3129 5186
3129 6211
3129 5958
3129 7577
3131 4293
3132 9327
3133 6266
3134 9331
3134 7044
3136 6309
3136 4471
3138 9010
3140 5609
3142 6133
3142 3340
3143 3683
3145 5054
3146 6203
3148 9989
3148 7787
3152 3824
3152 3253
3152 9766
3152 4221
3154 4271
3155 6035
3156 4704
3156 9268
3156 6524
3157 3335
3158 6886
3158 9049
3160 3391
3161 9169
3163 3254
3163 5224
3163 9134
3164 3409
3164 4958
3165 3343
3166 5436
3166 8110
3167 4210
3167 7390
3168 6172
3168 6079
3169 4666
3170 7507
3170 8765
3177 5941
3177 9462
3177 4200
3178 7224
3184 4308
3184 6759
3185 8011
3187 3325
3189 7860
3190 4314
3191 4306
3194 4762
3194 6799
3196 5051
3197 7359
3198 5559
3199 3594
3199 8092
3200 5091
3200 5463
3200 6505
3201 3342
3203 5795
3203 9190
3203 8732
3204 6959
3205 6243
3205 4392
3206 9568
3206 6298
3206 8523
3210 6056
3210 3903
3211 4805
3212 7856
3212 6453
3213 7974
3215 5720
3216 6689
3216 3366
3216 9736
3216 6763
3218 9499
3219 9392
3219 4305
3219 5550
3222 6280
3224 4653
3225 3925
3227 7435
3227 7630
3228 3937
3228 4530
3228 7253
3228 8375
3229 9466
3229 5468
3229 4895
3230 6092
3230 8700
3231 8372
3232 3559
3234 3584
3236 3493
3237 3421
3237 4141
3238 5777
3239 5099
3239 5295
3240 5797
3240 5867
3240 6124
3241 5476
3242 7058
3242 4891
3245 7042
3245 9929
3246 9492
3249 6990
3252 9549
3252 7182
3254 4740
3254 4953
3256 3842
3257 3519
3258 7968
3258 6068
3259 3574
3259 8634
3261 4004
3262 7381
3263 6964
3263 3494
3263 4781
3264 5300
3264 7045
3267 3462
3269 6996
3270 9614
3270 4591
3272 4613
3272 9918
3273 3520
3273 6146
3274 4557
3276 6557
3276 9421
3279 6300
3280 4169
3281 4330
3282 8096
3284 4825
3286 5073
3286 7111
3286 5949
3288 6901
3288 8888
3289 7177
3289 7180
3290 5687
3290 4394
3293 4579
3293 6294
3293 5147
3294 8880
3295 9863
3295 6761
3296 8979
3296 8598
3298 3617
3299 5092
3299 7496
3299 4601
3299 4809
3299 5741
3299 6671
3300 8740
3300 8968
3300 4507
3301 3861
3302 9742
3303 7430
3304 5347
3305 5271
3305 7113
3310 8309
3310 9994
3311 4894
3314 7029
3315 9500
3316 6281
3318 8845
3320 6597
3320 5113
3321 6415
3322 5162
3323 4258
3323 5083
3324 6758
3325 3856
3326 3656
3327 7105
3329 3729
3330 5044
3330 8436
3330 6325
3330 4856
3332 6592
3332 4216
3332 7353
3333 8898
3335 4655
3337 3691
3337 6973
3338 5140
3338 5903
3340 3356
3343 5860
3343 5339
3344 4550
3345 7547
3347 7476
3347 4487
3348 5585
3348 4715
3348 7116
3348 4029
3349 4449
3349 4897
3349 6501
3350 7120
3350 8589
3351 4899
3354 6151
3355 9543
3356 6418
3356 8514
3356 3482
3356 6507
3357 9873
3357 7011
3357 9135
3358 3919
3360 4323
3360 3720
3361 4726
3361 3675
3361 7307
3363 3718
3363 5625
3364 8997
3365 4575
3366 7744
3366 3425
3366 8298
3366 4686
3368 5382
3369 4287
3370 5012
3372 6258
3372 5411
3375 6182
3376 5748
3376 6773
3378 8683
3379 4793
3379 4079
3380 5376
3380 7939
3381 5753
3381 3898
3382 4871
3383 8799
3386 5029
3387 6499
3390 5177
3390 4202
3392 8498
3392 8970
3393 9458
3393 9679
3394 5004
3395 8544
3395 6239
3397 8366
3399 8417
3400 3892
3400 5518
3401 5261
3402 5643
3407 4705
3407 7701
3408 9818
3409 6130
3410 5602
3410 6618
3410 6061
3411 4489
3412 6257
3412 3743
3412 9839
3413 7033
3414 6806
3415 5654
3415 4622
3416 6756
3416 9590
3417 3815
3417 7183
3418 7047
3418 5263
3420 8471
3421 4428
3423 8468
3424 9088
3425 7985
3425 3762
3426 7917
3428 4459
3429 9276
3430 5944
3430 6619
3431 5731
3431 5704
3431 6890
3432 5284
3432 4677
3432 8966
3433 3581
3433 4559
3436 4241
3436 8392
3437 7828
3438 4025
3439 3664
3439 6819
3441 4533
3441 4375
3441 6360
3443 4615
3443 5614
3444 3507
3445 6629
3445 7455
3446 4636
3446 8604
3447 4598
3447 9783
3447 5850
3447 6795
3448 4592
3448 5427
3449 3763
3450 7160
3450 7753
3451 3959
3452 7461
3452 4699
3452 5166
3454 7469
3455 6517
3455 7546
3456 8482
3456 5036
3456 4831
3458 6102
3460 7961
3463 3826
3463 4412
3465 5498
3466 4835
3466 9789
3467 5596
3467 8317
3467 9103
3468 8900
3468 6165
3468 6842
3469 9366
3469 3662
3470 3474
3470 4295
3470 6023
3470 5804
3471 7924
3472 7793
3473 5915
3475 6956
3476 6408
3476 8842
3477 3957
3477 8187
3477 3854
3479 5555
3479 5316
3479 4089
3483 9539
3484 5534
3485 7345
3485 3796
3485 9420
3487 4554
3487 9455
3488 9400
3491 3761
3492 8401
3492 4437
3492 7101
3493 4432
3495 4197
3495 5838
3498 5505
3499 6195
3501 7196
3502 8593
3502 9459
3502 3765
3503 7260
3503 4238
3505 5561
3505 5150
3506 4946
3506 6870
3506 6297
3507 5859
3508 3605
3508 6094
3509 6544
3509 9031
3510 9316
3510 3829
3510 5306
3510 5165
3510 7757
3512 4257
3512 3565
3513 4698
3514 6977
3514 4357
3515 8940
3516 3867
3517 4324
3517 4155
3519 9328
3520 9826
3522 8080
3523 4754
3523 9939
3523 3962
3523 8301
3524 4709
3524 5707
3526 4492
3528 5195
3531 6896
3531 4005
3531 5993
3533 5059
3533 8773
3533 3672
3535 3638
3536 5972
3536 7752
3537 5319
3542 5961
3543 7948
3545 7462
3546 4724
3546 5396
3547 8992
3547 8959
3550 4387
3551 4519
3551 4474
3552 4047
3553 4870
3554 4607
3556 3811
3556 4088
3559 5747
3559 3784
3559 7023
3560 5553
3560 4814
3561 3862
3561 5321
3562 6395
3562 5213
3563 4716
3564 7174
3565 4083
3567 6238
3568 5571
3568 6542
3569 7247
3571 4903
3571 3993
3573 3864
3574 8020
3578 3955
3578 6808
3578 4282
3579 4167
3580 5343
3582 5320
3582 6904
3583 4385
3585 7289
3586 8265
3586 4906
3586 6731
3586 7262
3587 3986
3588 9674
3588 8669
3589 5384
3590 9812
3591 5394
3591 7747
3592 3953
3592 4823
3593 5808
3594 5700
3599 4369
3599 7914
3602 3634
3602 7195
3605 3912
3610 5359
3611 6303
3612 5922
3615 3956
3618 9953
3618 4435
3618 4398
3620 5042
3620 7875
3620 7471
3620 7967
3621 6972
3624 8821
3624 4908
3626 3853
3627 8580
3628 9121
3629 5299
3634 8340
3634 4277
3634 5276
3635 6428
3637 4451
3637 7429
3637 6694
3637 3754
3637 4974
3639 7212
3640 7252
3640 3855
3642 6142
3645 8807
3645 7226
3648 4115
3648 7989
3648 7887
3650 4231
3650 4367
3651 9264
3651 9554
3651 3789
3652 5256
3652 6828
3653 5870
3657 5701
3658 6925
3661 6285
3662 9629
3663 3988
3664 3974
3666 5767
3668 6432
3668 4056
3668 5880
3668 6712
3670 4959
3671 5407
3672 8566
3672 4311
3673 3725
3674 5924
3675 9270
3675 8333
3676 8962
3676 9794
3676 7013
3678 4320
3682 4201
3682 4942
3683 7328
3683 4039
3685 7403
3687 9396
3687 7189
3687 9966
3688 3786
3689 6322
3689 3739
3690 3808
3690 5697
3691 6050
3693 7667
3697 7323
3699 9311
3701 5545
3701 6189
3703 4312
3704 3895
3704 4253
3705 4130
3705 6045
3708 5296
3708 9942
3708 4299
3709 5253
3709 5835
3710 8349
3714 8712
3715 9655
3717 4112
3717 8150
3718 4978
3718 7458
3719 8365
3720 6465
3721 6429
3722 7942
3723 4624
3724 5155
3725 7933
3726 4095
3727 7093
3729 9505
3730 3875
3732 6929
3736 6676
3736 4938
3738 4160
3738 9026
3740 5690
3741 8647
3741 6414
3743 9269
3743 4918
3743 3946
3745 9288
3745 4429
3748 4816
3748 6196
3748 9052
3749 6401
3749 9236
3749 6218
3751 6674
3755 4066
3756 4028
3756 6286
3757 7586
3759 7268
3760 5045
3760 8101
3762 5404
3766 5779
3766 4669
3766 4910
3767 6529
3768 7515
3769 4010
3772 6601
3772 4750
3772 5742
3775 6321
3775 5187
3777 6424
3778 5431
3779 8193
3779 4120
3780 6611
3780 4983
3780 4605
3780 9007
3781 9306
3782 3989
3782 4556
3783 5266
3784 9721
3786 5980
3786 7567
3787 4560
3787 4889
3790 9733
3791 8224
3791 5117
3792 4827
3792 4463
3794 5290
3795 6090
3796 7258
3799 9954
3800 4703
3802 6192
3802 6800
3804 4808
3805 3923
3805 8835
3805 7343
3807 6487
3808 5989
3808 7086
3809 8155
3811 5282
3813 4371
3814 5217
3814 7272
3814 4746
3815 9060
3815 9480
3815 8907
3817 9393
3817 9508
3817 6025
3819 6832
3819 7684
3819 6121
3819 9583
3823 6299
3824 4104
3826 8699
3827 3983
3828 5506
3829 6818
3829 8565
3829 5883
3830 8036
3831 4018
3833 8108
3835 3985
3838 5514
3839 4968
3839 7594
3839 3885
3842 6119
3845 5485
3846 7409
3846 8374
3847 9345
3847 5785
3849 9739
3849 9022
3850 7153
3850 8262
3850 3951
3851 6898
3851 4472
3852 6681
3853 4670
3855 4341
3855 6439
3855 7485
3856 8081
3856 5557
3856 7401
3857 5623
3857 7388
3858 9577
3858 6602
3859 7414
3860 9038
3861 6225
3861 4152
3863 4157
3864 4752
3864 6040
3865 4249
3866 7453
3868 4732
3868 5756
3871 4224
3877 7938
3879 8211
3880 6029
3881 6905
3882 7597
3883 5430
3884 6212
3884 6516
3884 7192
3886 6836
3887 7677
3888 6433
3888 5081
3889 6772
3889 8015
3891 9578
3892 9862
3893 7197
3898 7993
3899 4534
3899 7398
3899 9676
3901 8571
3902 9969
3903 4854
3903 4061
3904 5130
3905 3940
3906 6787
3908 9791
3910 8305
3912 6612
3913 7814
3913 6807
3914 7769
3915 5642
3917 6155
3917 5005
3918 4768
3919 7805
3921 4092
3923 8065
3923 6469
3923 7528
3923 7627
3924 6109
3925 8204
3926 9686
3926 4810
3926 5898
3928 5849
3928 4570
3931 5807
3934 4399
3937 9473
3938 9322
3938 5038
3939 7916
3941 6021
3941 9562
3942 7633
3945 4529
3945 9354
3945 9642
3946 4706
3947 8965
3947 9847
3947 8345
3951 4134
3954 9307
3955 8816
3955 9556
3955 4981
3955 8727
3955 4457
3956 5287
3957 6374
3959 4016
3961 4656
3962 9205
3962 8558
3963 5312
3963 5512
3963 4939
3964 4275
3965 8043
3965 9452
3966 5484
3966 8188
3968 5603
3968 6767
3970 9684
3970 4952
3971 5361
3974 4225
3974 4406
3975 7297
3975 6020
3977 8741
3977 8682
3978 9936
3979 7202
3981 7239
3982 8452
3983 6162
3983 5577
3985 7867
3986 9522
3986 6284
3988 7554
3988 5084
3988 8892
3997 4994
3998 8032
3998 7468
3998 8623
3999 6330
4000 6186
4001 4594
4001 4868
4001 6533
4001 7768
4002 8674
4002 6550
4004 4466
4006 7724
4007 4122
4007 9468
4008 6289
4008 7876
4008 8087
4010 8035
4011 9869
4011 6574
4012 7296
4013 6134
4014 5594
4015 5447
4015 7946
4019 7845
4019 7097
4020 4032
4021 9605
4021 8887
4023 5267
4023 7438
4024 9680
4024 4574
4025 5663
4026 9283
4028 6368
4029 4620
4031 4956
4032 6906
4032 4206
4034 5612
4034 9294
4035 6604
4037 8307
4039 8381
4040 7433
4040 4794
4041 4853
4042 8085
4042 8815
4043 8023
4043 5964
4043 6702
4045 4661
4045 9900
4050 8105
4052 9066
4053 4483
4055 4265
4058 9379
4061 4199
4062 4185
4063 6308
4065 4148
4065 6123
4066 5366
4067 4273
4068 8519
4070 9749
4071 8794
4072 7065
4072 7901
4074 4345
4075 8500
4075 8646
4075 5255
4075 4478
4077 8948
4079 4408
4080 8405
4081 9385
4082 4286
4088 6935
4088 9784
4089 5395
4090 6864
4091 4729
4091 7566
4092 8494
4096 7864
4098 9849
4099 4496
4099 4438
4101 5486
4103 9937
4103 5058
4103 8804
4106 4611
4106 8553
4107 4309
4108 5604
4108 4734
4112 4930
4112 5220
4113 8352
4113 6567
4113 4479
4114 5473
4116 5210
4117 5234
4118 8817
4118 7394
4118 4890
4119 5680
4119 6033
4119 4927
4119 5327
4120 9899
4121 5418
4122 9235
4124 5208
4124 4633
4125 6176
4125 6036
4125 8890
4126 5057
4126 5895
4127 7271
4129 8263
4129 7193
4129 9709
4131 5912
4132 9649
4132 6248
4136 8118
4136 4139
4138 6752
4141 4602
4142 7954
4142 7934
4143 5477
4144 8299
4147 9258
4148 5061
4149 7030
4149 5145
4151 7158
4151 8230
4152 8267
4153 7873
4153 7306
4153 5151
4154 4659
4159 6180
4159 4599
4163 5281
4163 6764
4164 9780
4165 4782
4166 9579
4167 8296
4167 4191
4168 7040
4168 7826
4174 9377
4174 5770
4176 6006
4176 9416
4178 7094
4179 7376
4179 7907
4179 6537
4181 4779
4181 5277
4183 6727
4184 7325
4185 8409
4187 4505
4188 8342
4188 5388
4189 9589
4189 4667
4190 7194
4192 8394
4192 4476
4192 6895
4195 5110
4196 7529
4200 7634
4201 9224
4203 7188
4205 5667
4205 7027
4208 7601
4208 4713
4209 7842
4214 7582
4215 4925
4216 7536
4217 6011
4219 7364
4220 7264
4220 9970
4220 8739
4221 4469
4221 8805
4222 4695
4223 7988
4224 9014
4224 5272
4227 6004
4228 6581
4229 8930
4233 4477
4234 4982
4234 8121
4236 5405
4237 7559
4239 9611
4240 7171
4241 6003
4242 8051
4242 7151
4243 7437
4244 5830
4245 8610
4246 6523
4246 6623
4247 9701
4247 6791
4249 7537
4249 4482
4249 7138
4249 6683
4251 5383
4252 5573
4255 6920
4255 7467
4255 5821
4257 5233
4257 9804
4258 5575
4259 7689
4260 7599
4261 8839
4261 9097
4263 5315
4263 4634
4265 6349
4266 4538
4267 7996
4268 8292
4269 4614
4270 5328
4271 4684
4275 4789
4276 6709
4277 8670
4278 5142
4279 6705
4279 4745
4282 9174
4283 4807
4284 9974
4284 6730
4286 6084
4286 9223
4288 4963
4288 6838
4290 7923
4291 4402
4293 5345
4293 5635
4294 9160
4295 6386
4295 8772
4296 7137
4297 9961
4299 7608
4300 6726
4302 5429
4307 5499
4307 5933
4308 8704
4308 8661
4309 8044
4311 4524
4312 9296
4312 5121
4312 9476
4312 5622
4315 6958
4316 6184
4317 5124
4318 7944
4319 7154
4320 5371
4322 8027
4324 4386
4324 5541
4325 6938
4326 9003
4329 6352
4329 9557
4330 5516
4331 6329
4334 6441
4337 6409
4338 9365
4339 8889
4340 8579
4340 7535
4341 6675
4341 7291
4342 6046
4343 5181
4344 5582
4345 6327
4347 4536
4348 4454
4349 7463
4350 5852
4352 6823
4353 4996
4353 4391
4354 5075
4355 8631
4355 7208
4357 8575
4358 8442
4359 6579
4362 7607
4364 4512
4364 5655
4365 7986
4366 4722
4368 6000
4368 6434
4368 5167
4372 5027
4372 8184
4373 8226
4373 5878
4373 4606
4375 7751
4376 4833
4380 6633
4380 8539
4381 7431
4381 8779
4382 6737
4384 8221
4385 4753
4389 8194
4389 7257
4395 4400
4397 5679
4400 4850
4400 6631
4400 5688
4400 9871
4402 6115
4402 7242
4403 8103
4404 5298
4406 6126
4408 6492
4409 7396
4410 9433
4411 5588
4413 6273
4414 6320
4414 8202
4415 5539
4416 6156
4418 7222
4418 5215
4420 6449
4420 9128
4420 5689
4421 8437
4422 4593
4422 4936
4425 8131
4429 4926
4429 8926
4429 4447
4433 5424
4438 9875
4438 7098
4439 8688
4440 8504
4440 6685
4442 9471
4443 5841
4443 4711
4444 7621
4445 7770
4445 7470
4446 4838
4447 9910
4448 5554
4454 4680
4456 9504
4456 7107
4457 4841
4458 7051
4458 5183
4461 9607
4462 9859
4462 5094
4463 7514
4463 8463
4464 7665
4464 8117
4464 8536
4468 6383
4470 8936
4471 4610
4471 6072
4472 5304
4473 5509
4474 4644
4477 5858
4478 7809
4478 5492
4479 7280
4479 6319
4483 9816
4485 6117
4486 5495
4487 6272
4488 6987
4492 4915
4492 5030
4492 4585
4494 9249
4495 7489
4495 8737
4495 5154
4497 4776
4502 8534
4504 5962
4504 5999
4511 5008
4512 6324
4514 7841
4514 4702
4515 5024
4515 6413
4515 8639
4516 8012
4517 5326
4518 5761
4520 6135
4520 7133
4522 7140
4523 7219
4524 5138
4527 4547
4528 8165
4529 7241
4529 5451
4532 6082
4532 9368
4533 9841
4533 8253
4535 5352
4535 8106
4536 7228
4537 4721
4540 4780
4540 6861
4545 8820
4546 5108
4548 6849
4552 9887
4554 6682
4555 4640
4555 8993
4556 5387
4556 5231
4557 6950
4558 4723
4559 6984
4559 8142
4562 4804
4563 6983
4564 5800
4564 5546
4564 5854
4567 9358
4569 8831
4571 5354
4572 6912
4573 9333
4574 9633
4574 6278
4576 8752
4576 5714
4576 8068
4576 8535
4578 5826
4578 4676
4578 7542
4583 4989
4584 6743
4586 5001
4588 7869
4591 6889
4591 9166
4593 8241
4593 4997
4593 6518
4594 6738
4595 6855
4595 5452
4596 6260
4597 5913
4598 8086
4598 4623
4601 9075
4603 8280
4604 5392
4604 6945
4606 9485
4608 6098
4608 4840
4608 6478
4609 6495
4610 5651
4611 6769
4613 5503
4614 5122
4615 5907
4617 7028
4619 7983
4620 4962
4623 6216
4624 9912
4624 4955
4626 4643
4626 6202
4627 9266
4631 4811
4632 4737
4635 8037
4638 7695
4641 9204
4642 8123
4643 5945
4643 4970
4646 5772
4650 4922
4650 6668
4650 9293
4651 6722
4651 8645
4651 9689
4652 8949
4652 7002
4655 8139
4656 8736
4656 7949
4656 9181
4657 9892
4658 7016
4661 4975
4665 5496
4665 5896
4665 9848
4665 4909
4666 7816
4667 6435
4669 9879
4670 9406
4673 6513
4673 4735
4675 8499
4677 6578
4678 6933
4681 5016
4681 9020
4682 7784
4682 8730
4683 5583
4685 5727
4686 4943
4687 5936
4687 5442
4687 8590
4688 7265
4689 6306
4692 7849
4692 6125
4696 8144
4696 7765
4699 4738
4700 7472
4700 4931
4700 8459
4705 5760
4706 5996
4707 8256
4707 9619
4708 9325
4709 5568
4709 8176
4710 7540
4718 5112
4719 5425
4719 5067
4723 6716
4725 4749
4726 6698
4728 9985
4728 5050
4729 8548
4729 9401
4731 8025
4732 6833
4732 5997
4734 4759
4736 7372
4738 9108
4741 5441
4741 4947
4742 8379
4742 7327
4744 4875
4745 7802
4747 4905
4749 7758
4750 6447
4751 7899
4752 8903
4753 6024
4754 9449
4754 6971
4755 6359
4755 9720
4756 8934
4759 5963
4760 5461
4760 7928
4761 7152
4761 7737
4766 5052
4766 8476
4767 5285
4768 6999
4768 6456
4768 6556
4773 6131
4775 8538
4776 5745
4776 4914
4777 5975
4778 8819
4778 5158
4781 8278
4782 8561
4783 4796
4785 5438
4786 6774
4786 5002
4788 8222
4790 6652
4791 6857
4793 8380
4794 7259
4795 6055
4796 4977
4797 8467
4798 8627
4798 5668
4799 5170
4799 5230
4802 5483
4802 8252
4803 6377
4803 8173
4804 8064
4806 9793
4807 5558
4808 6969
4809 8174
4814 9645
4816 7545
4822 7776
4822 6488
4824 5711
4827 5729
4829 9129
4829 5564
4830 6346
4831 9148
4831 6941
4834 6017
4834 7743
4836 6474
4837 7800
4838 6384
4840 9553
4840 8376
4841 8145
4843 5560
4844 7610
4846 9442
4846 7315
4848 5705
4849 7066
4849 7146
4850 5717
4854 5422
4854 5423
4855 8665
4856 6714
4857 5123
4857 7078
4858 4912
4858 9164
4859 4961
4860 7041
4862 5763
4865 5566
4868 8243
4868 5621
4869 6789
4871 7969
4872 5931
4872 8667
4874 7373
4878 5938
4881 7766
4883 6526
4883 8734
4884 9131
4885 8878
4891 7123
4892 7379
4894 9781
4894 6922
4896 7520
4898 6826
4904 5011
4905 6942
4906 7780
4906 9069
4909 5647
4911 8084
4912 9050
4914 6031
4915 6091
4919 7894
4920 9304
4921 6948
4921 8136
4922 5678
4924 6811
4929 5116
4929 6397
4930 8029
4933 4951
4935 7190
4938 6599
4939 5420
4943 9705
4953 7090
4954 5338
4956 6549
4960 9651
4960 6686
4961 6624
4961 5639
4962 5798
4963 7848
4970 9941
4970 9194
4970 5244
4971 7984
4971 5458
4972 6440
4974 7660
4977 7543
4978 6198
4982 9599
4984 9750
4984 9230
4985 9149
4991 9265
4993 5540
4993 5813
4993 9277
4994 9755
4995 7659
4997 8240
4997 9239
4998 9024
4998 5885
4999 9531
5004 9360
5009 9637
5010 5853
5011 6853
5014 5204
5015 7399
5016 9317
5016 5911
5016 5163
5018 7750
5018 8630
5019 6680
5019 5673
5019 8859
5021 5457
5022 8206
5023 5728
5023 5221
5026 7552
5027 5069
5028 5095
5028 6603
5028 9947
5029 8942
5032 5634
5032 5097
5032 5902
5033 6385
5034 6403
5037 6175
5039 7428
5041 8334
5043 7995
5045 9919
5048 5074
5050 6423
5051 5380
5052 8244
5052 5786
5054 5966
5055 8120
5057 6215
5057 6411
5057 7019
5057 6398
5058 6502
5065 6734
5066 7518
5068 5428
5068 8564
5069 6863
5072 8266
5073 6292
5076 5793
5077 8911
5080 7764
5084 5892
5086 7256
5086 6812
5090 9212
5093 6457
5095 9250
5096 5237
5097 9813
5100 7804
5100 5198
5101 7587
5102 7534
5104 7891
5105 6080
5107 7207
5107 7130
5110 8053
5114 6326
5117 6986
5119 5351
5119 9950
5121 6178
5122 9319
5122 9724
5124 7340
5127 5940
5127 9983
5129 7477
5130 5995
5132 5725
5133 9315
5134 5453
5134 9037
5137 7490
5137 5764
5137 6446
5139 5599
5140 7087
5141 6185
5141 8559
5142 7358
5146 8894
5147 5238
5149 5890
5149 7112
5152 7344
5155 7680
5155 9511
5157 8515
5158 5703
5162 9016
5163 5792
5164 6494
5166 5275
5171 6028
5173 6528
5174 8083
5180 8697
5181 7834
5185 7779
5186 7650
5187 6746
5189 8167
5190 8395
5191 5581
5191 6030
5192 8721
5193 5652
5195 8171
5196 9909
5196 5814
5196 6269
5201 7698
5201 6232
5202 5601
5205 9494
5208 7348
5208 6970
5209 9424
5209 8323
5211 8416
5213 5709
5214 7977
5217 6760
5220 5664
5222 7788
5224 8329
5225 6816
5226 7404
5227 5796
5233 6782
5234 6291
5236 5358
5237 6784
5237 6669
5240 8764
5240 5294
5242 7531
5243 8743
5244 7703
5247 5876
5247 8789
5248 5816
5248 9353
5249 6515
5250 9945
5251 7003
5252 9413
5253 7456
5253 9729
5253 7550
5254 5274
5256 6209
5256 6264
5258 5482
5259 7386
5261 7474
5261 5887
5262 9990
5262 6265
5263 6728
5264 7506
5265 5733
5265 5481
5266 8496
5266 9255
5269 5301
5269 5493
5269 6009
5271 6897
5272 5336
5276 8170
5280 8388
5281 9142
5281 5726
5283 5537
5283 7261
5284 8998
5286 8022
5287 9386
5291 6957
5293 6382
5295 7308
5296 6884
5296 7663
5301 6373
5301 7293
5303 5893
5305 8357
5308 5593
5308 8713
5308 8652
5312 7235
5315 8987
5316 6553
5317 9560
5320 6087
5323 7829
5329 6982
5331 7523
5331 7785
5332 7263
5337 6793
5339 8614
5339 7161
5341 6988
5344 5629
5347 6224
5351 6089
5352 9692
5353 9905
5354 5523
5355 6452
5355 6154
5355 5515
5357 7072
5358 8258
5361 8849
5363 7516
5366 7035
5366 8846
5368 7299
5372 7877
5372 9055
5373 6497
5377 5464
5379 8557
5380 5925
5386 9730
5387 6110
5387 8383
5393 6168
5399 8928
5402 5686
5407 6939
5410 7662
5411 6798
5412 7631
5413 6530
5413 8552
5415 9130
5417 8954
5421 9639
5422 8175
5423 6242
5429 6834
5433 5666
5435 8662
5439 9845
5440 8591
5441 7405
5444 7464
5445 8759
5447 6252
5449 8788
5451 8268
5452 6313
5452 5695
5455 7906
5456 5648
5456 8234
5456 9852
5461 6960
5462 9995
5465 7717
5466 6261
5466 5773
5468 8010
5468 7739
5471 8876
5479 7139
5481 9150
5481 6047
5481 9567
5483 9047
5483 8251
5484 9773
5486 5640
5486 8078
5487 9184
5487 5751
5489 5563
5490 9034
5491 5865
5492 9872
5493 7654
5494 9021
5496 8160
5497 7408
5497 7790
5499 8235
5500 6018
5500 7658
5500 9981
5502 9352
5504 8982
5505 9027
5506 9240
5507 7932
5511 9584
5511 6871
5512 9698
5513 6741
5513 6927
5515 9197
5527 6177
5528 5657
5528 5839
5530 7295
5531 6718
5532 6563
5534 7144
5537 5778
5541 5818
5542 5810
5543 7213
5543 6862
5544 8768
5545 9613
5549 6007
5549 6751
5550 5908
5552 8021
5553 6443
5554 6153
5555 5749
5556 8308
5556 7446
5557 7888
5560 7191
5560 7367
5561 6527
5564 7442
5565 7071
5566 9122
5566 5572
5568 6032
5568 7317
5571 7450
5572 7555
5574 5806
5575 8870
5575 6143
5576 6013
5577 7649
5577 7919
5583 9348
5583 7622
5583 6062
5584 9217
5584 9161
5585 6607
5587 7927
5587 8207
5588 6877
5589 8655
5590 8792
5591 6331
5592 7166
5593 6684
5594 8910
5595 7225
5597 7782
5598 6644
5598 6582
5602 7821
5606 8069
5606 7150
5607 9690
5608 8005
5609 8551
5611 8848
5611 8154
5613 7964
5616 8389
5616 8871
5616 7560
5618 8507
5620 7249
5620 9384
5620 7982
5621 9189
5622 7759
5623 6498
5628 7392
5631 6715
5634 7270
5635 5661
5637 8513
5637 7336
5639 8738
5639 9309
5641 6561
5641 5677
5643 9464
5646 6559
5647 8216
5647 6540
5651 7792
5657 6220
5659 7553
5659 6888
5660 8677
5660 7487
5663 8290
5665 7091
5665 6765
5667 9534
5668 8192
5669 6672
5672 6116
5673 9618
5673 6149
5676 6554
5677 6962
5677 9785
5678 8487
5678 9687
5680 8274
5681 6628
5681 8853
5682 6717
5686 5702
5687 6144
5689 8099
5690 8686
5691 9920
5695 6026
5696 6328
5699 9712
5699 7910
5699 8232
5701 9926
5701 8137
5704 6740
5705 8002
5705 9671
5706 7646
5707 7941
5709 7574
5710 9091
5711 9809
5712 6608
5712 9059
5718 8210
5718 6364
5718 8671
5721 6001
5721 6166
5721 7500
5722 8866
5723 9152
5725 6506
5725 6781
5726 6275
5727 6696
5733 9057
5734 8802
5736 7216
5739 6785
5744 6844
5748 8957
5750 6985
5754 9643
5755 7549
5757 7615
5760 8676
5761 8474
5762 6724
5762 7831
5762 7389
5765 9828
5767 7215
5769 9491
5771 7893
5774 8112
5774 7533
5774 7966
5776 6534
5776 7947
5777 9998
5779 6340
5781 8917
5787 8134
5790 7538
5790 9080
5791 9079
5791 9083
5793 8481
5793 6794
5796 9728
5797 9836
5799 7602
5800 9207
5801 8030
5802 6821
5805 6399
5809 9362
5811 5971
5812 8823
5816 7352
5818 7798
5819 9429
5823 6049
5824 7913
5824 9935
5825 9648
5826 6451
5828 8751
5829 6704
5829 7466
5829 8109
5831 8542
5834 6968
5837 8050
5839 7053
5841 7851
5843 7687
5843 9787
5845 9925
5847 7125
5847 6600
5847 6393
5854 7499
5855 6208
5858 7488
5859 9524
5863 6132
5863 9469
5865 6422
5866 9636
5868 9227
5870 6508
5870 9853
5877 8875
5878 6468
5881 8995
5883 9682
5883 7806
5886 8141
5888 7338
5889 8440
5894 8703
5896 7797
5908 6625
5909 9226
5912 6880
5912 9526
5912 7643
5913 8775
5914 6874
5921 8077
5925 9183
5926 8592
5926 8549
5926 8570
5928 8860
5930 8985
5931 6083
5931 7478
5933 6503
5939 6096
5939 8157
5940 6894
5941 7198
5942 6476
5944 6371
5951 6974
5952 7282
5960 7483
5963 9382
5965 8046
5967 7859
5967 8628
5968 6946
5970 8335
5973 6867
5974 8847
5976 8033
5977 6697
5983 8585
5984 7639
5987 9697
5992 6707
5997 7059
5997 7422
5998 9514
5998 6235
5999 7407
6000 8287
6006 6673
6007 9719
6008 8039
6008 9883
6008 7741
6009 7636
6011 7443
6011 7175
6014 6916
6019 9219
6019 8749
6022 6555
6027 6788
6027 9077
6034 6095
6035 8454
6037 9472
6038 8197
6038 7999
6040 6263
6041 6416
6041 6805
6045 6610
6047 7204
6048 6372
6057 8491
6057 8079
6059 8550
6065 6254
6066 9363
6066 6150
6067 7632
6068 7936
6069 6654
6070 7402
6071 6365
6074 8925
6075 8625
6075 9254
6077 6856
6079 7603
6081 6100
6090 7326
6091 7050
6092 9428
6094 6389
6102 6651
6105 6627
6106 6548
6114 8691
6119 9145
6125 7691
6128 9263
6129 8705
6129 9944
6132 8710
6132 7176
6141 6595
6143 8956
6144 8560
6144 9829
6148 9752
6149 8449
6153 6649
6157 7234
6158 6677
6158 6270
6159 7420
6162 9630
6167 9073
6169 8642
6169 7683
6169 9612
6172 8828
6174 7846
6175 7104
6175 9033
6179 6181
6179 6695
6179 7820
6181 8306
6181 6392
6181 8378
6186 7211
6187 8568
6190 9576
6191 7441
6191 9062
6198 9901
6199 8127
6200 6802
6201 8563
6201 6745
6204 8000
6204 7269
6209 9170
6209 9068
6214 7525
6215 6345
6216 7444
6216 8756
6219 6658
6222 9552
6222 7284
6223 8453
6227 6882
6227 8584
6227 8543
6229 6653
6230 6560
6230 8348
6234 7837
6235 8446
6238 6348
6239 9201
6240 8783
6246 7620
6248 7730
6248 6902
6248 8282
6249 7940
6250 7178
6256 8483
6257 8254
6260 9817
6260 7950
6261 8529
6262 7731
6265 8231
6267 8844
6267 7102
6269 7479
6270 7164
6272 9339
6274 8151
6275 8014
6280 7857
6281 8696
6282 7527
6282 6841
6285 9573
6287 7811
6287 6885
6287 9911
6289 6976
6294 7062
6295 7756
6303 7217
6305 9456
6305 8324
6309 8947
6312 7733
6313 9827
6313 9625
6324 7057
6325 7026
6326 7440
6327 9114
6330 7696
6332 7918
6336 7417
6339 6899
6341 7833
6347 8753
6347 9260
6352 7569
6353 8227
6355 7824
6358 7718
6358 7591
6358 9663
6360 6703
6364 8138
6365 9278
6367 7439
6370 9588
6374 9182
6375 6729
6378 7870
6382 6936
6392 9120
6393 9173
6396 6837
6397 9370
6397 7884
6401 9731
6402 7628
6403 6462
6404 6952
6404 9897
6405 7638
6406 6482
6406 7682
6409 7648
6415 8636
6416 7210
6417 7530
6418 8537
6422 6546
6423 6593
6425 9667
6426 8582
6427 7286
6428 7596
6432 9571
6432 6444
6433 8991
6437 7077
6437 7436
6438 9916
6440 8796
6448 8913
6457 7773
6462 9561
6465 7799
6466 9993
6467 8945
6467 7229
6469 7339
6470 9952
6470 6617
6470 8060
6472 7278
6474 6723
6476 9824
6478 7637
6478 9215
6480 7736
6486 7320
6492 7000
6492 9102
6496 8048
6496 8214
6496 9838
6496 7727
6498 7400
6504 9415
6506 7008
6509 6963
6509 7715
6509 8028
6510 7332
6514 6657
6515 7624
6517 8858
6517 8733
6518 9039
6521 6586
6522 8300
6526 7657
6529 8770
6531 6768
6532 8583
6535 7360
6537 9461
6538 9119
6544 8963
6548 8040
6550 9143
6550 7371
6552 6949
6554 8399
6555 6609
6555 8633
6556 7909
6556 8457
6556 7179
6558 8247
6562 9343
6573 7233
6573 9209
6576 9313
6582 8929
6583 8203
6587 7762
6588 9669
6588 9624
6588 6910
6589 9141
6590 7598
6592 8836
6593 7117
6594 6978
6594 7032
6595 8245
6596 8469
6596 7142
6596 8102
6597 9726
6600 9956
6601 8271
6603 7664
6603 8612
6607 7920
6608 7981
6609 7366
6609 7015
6610 8490
6612 8250
6616 7203
6617 9273
6625 9397
6626 9840
6629 8684
6632 8508
6634 9917
6635 7524
6635 7141
6637 8276
6640 6706
6648 8443
6654 9495
6656 8330
6658 9867
6659 7460
6659 9285
6662 9486
6668 7783
6672 7034
6672 7277
6674 7728
6676 8181
6677 7377
6677 7541
6680 9569
6680 9323
6686 8303
6690 9233
6691 8191
6693 8810
6694 7092
6694 7644
6695 7143
6696 8066
6697 7922
6697 6951
6700 7584
6701 7998
6702 9622
6705 9200
6708 9058
6708 7475
6713 7852
6720 7362
6721 8475
6724 7018
6725 8897
6727 7896
6731 7069
6734 8248
6739 7807
6740 6750
6743 8919
6747 7819
6747 6749
6748 8951
6752 9465
6754 8937
6760 8424
6764 8082
6769 7232
6769 9463
6772 7722
6773 7382
6776 8026
6776 6783
6777 7575
6780 7734
6780 7886
6782 8113
6787 8090
6789 6900
6791 7578
6792 8208
6797 7774
6798 7357
6800 6801
6800 8950
6801 7156
6818 7863
6818 7341
6819 8168
6823 9540
6828 9394
6829 9064
6831 6934
6835 7838
6835 8095
6836 7595
6838 7868
6838 9484
6841 8355
6845 8976
6845 8708
6846 7746
6850 7025
6850 6883
6851 7853
6854 8656
6854 7571
6854 7397
6855 9126
6861 9489
6861 8650
6868 8312
6869 9267
6870 9860
6872 8545
6875 8257
6875 7356
6876 7287
6878 7585
6878 7810
6879 8125
6880 8331
6881 9675
6883 7692
6885 7159
6888 7076
6889 6993
6889 9153
6890 7760
6890 7935
6904 9410
6907 9493
6915 8336
6919 7416
6920 9356
6933 9112
6936 8861
6937 7230
6938 7109
6940 7169
6940 8813
6951 7486
6952 7147
6953 7623
6953 8279
6953 7324
6954 7248
6954 7839
6960 7118
6963 7184
6967 9479
6970 8905
6978 7083
6982 8398
6983 9808
6983 9065
6985 7387
6985 8766
6990 8420
6991 9346
6993 7119
6994 8359
6997 7085
6998 8547
6998 9165
7000 7423
7002 7642
7003 9670
7006 7100
7014 8393
7018 9245
7023 8718
7035 8390
7035 8009
7042 7616
7043 8923
7043 8013
7055 8041
7061 7361
7063 9155
7072 8784
7073 9502
7074 9272
7075 7434
7075 8091
7078 9002
7080 8994
7083 7975
7087 9477
7088 8031
7089 8189
7090 7380
7090 7915
7095 9536
7097 7579
7101 8341
7105 7131
7107 7281
7111 7904
7112 7250
7114 9023
7115 9986
7117 9529
7119 9842
7123 9104
7127 7425
7129 9347
7131 8182
7131 9246
7132 8273
7133 8432
7136 9967
7137 8608
7139 7318
7145 9753
7147 9796
7148 7294
7156 8114
7158 7707
7162 7557
7162 7670
7162 9707
7163 9162
7168 9172
7172 9147
7174 8391
7176 8225
7180 9715
7182 8611
7184 9527
7187 8516
7190 7708
7196 9930
7198 7992
7198 8316
7199 7836
7204 9528
7208 7972
7209 8884
7211 9668
7212 9596
7220 8003
7221 8834
7232 8715
7235 9518
7239 9467
7248 9262
7249 9594
7251 8632
7253 8431
7254 8865
7258 8281
7259 9220
7269 8385
7269 9846
7280 8958
7281 7813
7294 8603
7296 8124
7297 8368
7307 9857
7312 7378
7312 8377
7313 8067
7318 7699
7318 9087
7320 9758
7321 7355
7331 9774
7332 7424
7336 8213
7349 9199
7354 9678
7356 9631
7359 8458
7367 9880
7369 9555
7370 9084
7372 8412
7373 9713
7381 8725
7383 9191
7383 9151
7412 7794
7417 8763
7417 9855
7419 8520
7426 9661
7431 8742
7432 8572
7440 8893
7441 7508
7456 8143
7461 8460
7462 9751
7464 8382
7465 9523
7466 7808
7466 7973
7468 8825
7468 9180
7477 8169
7478 8088
7485 7763
7486 8680
7491 9570
7498 8322
7498 8205
7498 8863
7503 9043
7503 8714
7504 7815
7505 9688
7505 8063
7507 8781
7508 8735
7512 8418
7512 8663
7514 8586
7516 9251
7521 8130
7522 9541
7524 7900
7526 9591
7528 9924
7531 8180
7534 8484
7536 8320
7536 8094
7541 7943
7545 7721
7546 7902
7550 8832
7553 8723
7554 8806
7555 7803
7560 8387
7561 8456
7564 8629
7564 8777
7570 9340
7571 9040
7571 9538
7571 9533
7582 8295
7585 7980
7590 7879
7591 9738
7594 8338
7595 8434
7598 9776
7600 8289
7602 9928
7605 8638
7607 9257
7609 7666
7613 9139
7617 9053
7629 9884
7638 7669
7649 9908
7657 8843
7658 8780
7659 9127
7667 9438
7671 9196
7671 9597
7673 9275
7677 9389
7681 8755
7682 9046
7688 8152
7688 8698
7696 8218
7705 9685
7706 9332
7708 9694
7711 9820
7714 8062
7715 9515
7719 8522
7724 9017
7728 8595
7730 7897
7735 9545
7740 8719
7742 8477
7747 9350
7748 8195
7758 9572
7761 9008
7763 9067
7766 8314
7767 8472
7769 9176
7778 9548
7789 9797
7806 8447
7824 8403
7824 8588
7826 9298
7827 9876
7827 9932
7829 9318
7830 8747
7842 9300
7849 9101
7855 8939
7866 9566
7870 9376
7872 8605
7876 7926
7885 8161
7892 9344
7899 8402
7900 9575
7909 7945
7912 8196
7916 8837
7918 8827
7919 8470
7920 8239
7938 8429
7942 8673
7947 9398
7948 8093
7949 9177
7955 9521
7971 9337
7972 8996
7973 9470
7979 8286
7985 8186
7985 9771
7988 8297
7990 9695
7994 8200
7995 8451
7995 9159
7997 9431
7998 9450
7998 9387
7999 8441
8000 8757
8000 9367
8000 8461
8003 8824
8014 9375
8032 9756
8033 8731
8041 9100
8046 8838
8055 9874
8060 9811
8062 8400
8073 8116
8079 8602
8089 9725
8093 8337
8096 8999
8099 8362
8110 9606
8117 9371
8120 8648
8126 9439
8144 9125
8149 9445
8158 9604
8158 9247
8162 8293
8166 8762
8167 9115
8168 8283
8169 8693
8177 8270
8178 9890
8193 8969
8195 9581
8195 8350
8200 9072
8201 9760
8201 9800
8202 9699
8204 8501
8205 8840
8212 9408
8213 9292
8214 9302
8218 9769
8223 9001
8227 8899
8229 8363
8234 9585
8236 8760
8238 9754
8242 8653
8248 9627
8254 9551
8263 8574
8265 9423
8273 8406
8277 9807
8279 9609
8282 9243
8294 9810
8296 8701
8305 8803
8308 9544
8318 8521
8325 8438
8325 9951
8340 8914
8346 8555
8355 9558
8361 9592
8362 9922
8367 9775
8374 9938
8375 8833
8378 9334
8379 9764
8381 8902
8381 9830
8386 8415
8391 8479
8392 9958
8397 8425
8403 8594
8403 9244
8404 9138
8415 9349
8430 8818
8458 9743
8465 9140
8472 9342
8476 9746
8478 9305
8479 8891
8497 9171
8504 9341
8506 9634
8506 9107
8506 8724
8524 9137
8534 9132
8538 9641
8572 9635
8582 8744
8585 9959
8607 8981
8619 8649
8633 8791
8643 8644
8647 9013
8653 8830
8659 8786
8669 9028
8689 9380
8693 8896
8700 9851
8707 9940
8710 8798
8716 8852
8717 9497
8724 9432
8724 9274
8725 8809
8730 9530
8731 9295
8746 9496
8756 9672
8765 8990
8767 8931
8772 9973
8779 8921
8785 8874
8794 9894
8801 9314
8822 9454
8823 9603
8835 9646
8836 9999
8850 8886
8854 9978
8860 9717
8862 9261
8864 9086
8867 8975
8882 8952
8894 9074
8897 9222
8901 9203
8911 9118
8912 9412
8929 9094
8930 9982
8939 9683
8952 9287
8967 9090
8990 9154
8997 9623
9016 9977
9019 9202
9036 9441
9040 9587
9045 9710
9046 9574
9053 9447
9075 9906
9088 9402
9107 9213
9111 9767
9115 9803
9135 9218
9157 9984
9158 9858
9171 9547
9202 9308
9224 9519
9246 9664
9269 9516
9274 9949
9285 9448
9365 9745
9401 9418
9427 9737
9485 9598
9511 9972
9547 9992
9613 9700
9635 9782
9683 9704
9689 9988
9747 9877
9747 9895
9754 9799
9833 9866
9903 9948
9934 9946
