10000
0 2560
0 1
0 2
0 530
0 3
0 103
0 970
0 27
0 15
0 367
0 9839
1 181
1 44
1 76
1 909
1 6047
2 17
2 4
2 20
2 151
2 633
2 26
2 12
2 206
2 143
3 4033
3 2661
3 7
3 8
3 265
3 555
3 222
4 97
4 35
4 5
4 69
4 325
4 6
4 9
4 11
4 13
4 5902
4 16
4 22
4 439
5 2336
5 914
5 803
5 21
5 635
6 129
6 99
6 108
6 812
6 14
6 559
6 591
6 2323
6 118
6 406
6 314
6 2335
7 6944
7 1237
7 6343
7 10
7 28
7 1148
7 1292
8 33
8 34
8 2738
8 5252
8 72
8 264
8 7080
8 29
8 63
8 3535
9 32
9 19
9 1139
9 37
9 789
9 2905
9 7945
9 650
10 4274
10 6834
10 309
10 40
10 2201
10 4106
10 571
10 2572
10 6734
11 2593
11 98
11 2298
11 75
12 259
12 9032
12 25
12 78
13 1889
13 1811
13 68
13 197
13 7847
13 780
13 174
14 3250
14 1476
14 42
14 172
14 191
15 48
15 18
15 2210
15 3027
15 23
15 296
15 4574
16 113
16 641
16 1730
16 3186
16 53
16 1065
16 1132
16 6589
16 2030
17 1264
17 1680
17 54
17 1162
17 4586
18 49
19 609
19 201
19 5258
20 226
20 38
20 2086
20 553
20 219
21 225
21 947
21 5107
21 660
21 598
21 24
21 318
21 3615
22 1458
22 1571
22 998
22 279
22 2156
22 3725
23 248
23 1948
24 3669
24 6539
24 5276
24 30
24 415
25 82
25 9411
25 105
25 234
25 139
25 31
26 272
26 340
26 3092
26 71
26 843
26 124
26 700
27 450
27 85
27 2475
28 3744
28 2625
28 51
28 3635
28 956
29 2224
29 3472
29 5745
29 5522
29 277
29 663
29 104
29 8216
29 2315
29 47
29 4831
30 3906
30 357
30 408
30 153
30 9321
30 90
30 4204
31 80
31 1703
31 3467
31 1372
31 45
32 64
32 5632
32 83
32 36
32 196
32 121
32 140
33 436
33 759
33 93
33 126
33 8366
34 1488
34 130
34 5043
34 263
34 43
34 686
35 39
35 492
35 349
35 2125
36 50
36 648
36 41
36 169
36 220
36 2221
36 8013
37 114
37 59
37 46
38 67
38 1271
38 1421
39 4722
40 448
40 5297
40 2690
40 227
40 1235
40 52
40 3989
40 7385
40 3550
41 1797
41 166
41 360
41 2427
41 5406
42 1186
42 243
42 2551
43 422
43 3384
43 409
43 3163
43 7821
44 66
44 5986
44 390
44 55
44 5801
44 2522
44 156
44 479
45 6112
45 65
45 1347
45 117
45 533
45 250
45 9964
46 135
46 2636
46 8524
47 614
47 4843
47 173
47 79
47 2319
47 625
47 8305
47 87
47 1434
47 7290
47 6587
47 7132
47 95
47 959
48 149
48 662
48 7351
48 56
48 1193
48 138
49 150
49 3944
49 74
49 8218
49 811
49 1932
49 557
49 2942
50 401
50 690
50 152
50 1083
50 62
50 2223
51 5873
51 515
51 9998
52 305
52 961
52 5090
52 73
52 60
52 287
53 997
53 9477
53 58
53 237
54 2721
54 7544
54 9593
54 155
54 1549
55 5155
55 84
55 86
55 88
55 57
55 875
55 61
55 3245
55 2334
56 2433
56 807
56 983
56 1976
56 379
56 5003
56 4367
57 208
57 341
58 112
58 160
58 5761
58 162
58 70
58 182
58 4663
58 1402
58 892
59 224
59 1248
59 996
59 1164
59 1276
60 352
60 512
60 932
60 326
60 566
60 106
60 110
61 8786
61 2902
61 4295
61 751
62 1255
62 361
62 236
63 2357
63 1352
63 185
63 425
63 383
64 145
64 241
64 1029
64 1397
64 102
64 198
64 141
65 1427
65 1523
65 1316
65 1031
65 168
65 1176
65 2077
66 1146
67 385
67 2038
67 392
67 1227
67 92
67 77
67 5325
67 1935
68 4468
68 1365
68 5847
68 9417
68 94
68 302
69 1104
69 6770
69 519
69 313
69 2122
69 188
69 9244
69 142
69 111
70 400
70 289
70 216
70 2376
71 546
71 1114
71 107
71 6155
71 1565
72 528
72 1072
72 81
72 4181
72 232
72 762
73 132
73 2137
73 123
73 7454
73 3743
74 9648
74 1505
74 262
74 1558
74 2495
75 1440
75 649
75 3227
75 252
75 3390
76 101
76 831
76 1199
77 2708
77 1079
77 394
77 1050
78 304
78 3914
78 8254
78 8718
79 5728
79 2151
80 96
80 624
80 1048
80 1804
80 4429
81 9171
81 4084
81 134
81 471
81 171
81 299
81 8091
81 6254
82 179
82 89
82 2266
82 1947
82 4635
82 109
83 176
83 4768
83 167
83 4057
83 382
84 194
85 146
85 3943
85 924
85 189
85 6078
86 433
86 120
86 683
86 9950
87 3896
87 297
88 195
88 6472
88 2697
88 6091
88 2956
88 1550
89 200
89 2139
89 6157
90 147
90 214
90 1606
90 122
90 666
90 3450
90 91
90 2571
90 9117
91 125
91 159
92 651
92 9740
92 7901
92 7406
93 115
93 820
93 534
93 3356
94 674
94 905
94 2810
94 7101
95 376
96 177
96 209
96 2500
96 9550
97 339
97 900
97 3724
98 1040
98 2017
98 421
98 1302
98 9560
98 5066
98 9180
99 851
99 4739
99 100
99 199
99 2328
99 2462
100 210
100 3634
100 180
100 3732
100 7220
100 1117
101 1169
101 653
101 669
101 2237
101 4126
102 2513
103 612
103 552
103 6748
104 128
104 7776
104 2759
104 2408
104 1066
105 1732
105 1335
105 4760
105 6121
105 363
105 398
105 990
106 1664
106 4306
106 266
106 396
106 3741
107 659
107 1187
107 693
107 1067
107 9307
108 496
108 8864
108 5330
108 420
108 1831
108 136
108 9353
108 2589
109 832
109 3457
109 2050
109 885
109 4139
110 7280
110 186
110 1387
110 1596
110 2717
111 689
111 3554
111 158
111 1502
112 368
112 2113
112 116
112 133
112 3848
112 3211
112 316
113 7826
113 517
113 1318
113 3638
113 239
114 273
114 610
114 3492
114 7390
114 5759
115 632
115 267
115 6719
116 480
116 1824
116 4976
116 2530
116 869
116 827
116 1021
116 7551
117 144
117 131
117 2549
117 119
117 1001
117 362
117 494
117 175
118 688
118 3344
118 161
118 290
118 184
118 3113
118 170
118 187
119 233
119 617
119 1161
119 3641
119 331
120 965
120 8213
120 986
120 1338
120 619
120 3822
121 338
121 364
121 127
121 2111
122 2464
122 7633
122 791
122 9498
122 2365
122 335
123 3109
123 249
123 1739
123 205
124 6161
124 499
124 5958
124 3672
124 217
124 4028
124 2109
125 3984
125 1401
126 592
126 5362
126 163
126 504
126 3336
126 2409
126 5212
127 258
127 1283
127 1395
127 4645
127 618
127 1791
128 544
128 310
129 484
129 3333
129 1036
129 1724
129 2590
129 767
129 2127
130 193
130 6081
130 3458
130 516
130 2646
130 183
130 9400
130 411
130 638
130 2094
130 7742
131 2673
131 178
131 676
131 8025
131 495
132 165
132 4581
132 3079
132 137
132 393
132 2638
133 228
133 280
133 2425
133 8169
133 764
133 702
134 513
134 419
134 724
134 7206
135 1203
135 230
135 329
135 601
135 461
136 1304
136 2893
136 2925
137 336
137 3633
137 261
137 629
137 2764
137 5085
138 435
138 1251
138 164
138 1017
138 605
139 213
139 8904
139 589
139 270
140 1378
140 424
140 857
140 1337
140 955
140 4591
141 7154
141 884
141 1530
141 860
141 157
141 7485
141 3054
142 3675
142 6349
143 211
143 7366
143 3799
143 1256
143 9675
143 3133
143 606
144 1569
144 8018
144 1491
144 1556
144 488
144 5868
144 8844
145 870
145 1446
145 311
145 6375
145 1448
145 1211
146 465
146 300
146 975
147 257
147 148
147 3145
147 1562
147 524
147 861
147 6013
148 374
148 2699
148 1789
148 574
148 4238
149 3395
149 9956
149 3673
149 154
149 7053
149 286
151 1074
151 276
151 583
151 2617
151 2474
151 4943
152 403
152 1091
152 3190
152 5227
152 3196
153 3260
153 253
154 672
154 3202
154 1636
154 3173
154 8822
154 3935
155 306
155 1686
155 9225
155 6717
156 1331
156 459
156 732
157 4929
157 229
157 469
157 7589
157 4777
157 332
157 2445
158 1782
159 4245
160 945
161 565
161 457
161 476
162 1061
162 4997
162 8055
163 790
163 9127
164 1024
164 2257
164 1027
164 358
164 8825
164 9083
164 221
164 4814
165 2722
165 215
165 8765
165 271
166 1861
166 204
166 444
166 1215
167 242
167 2578
167 596
168 535
168 840
168 269
169 3366
170 192
170 337
170 2465
170 342
171 4593
171 260
171 1573
171 7014
171 841
171 7449
171 348
171 4670
172 1267
172 308
172 1244
173 4448
173 9192
173 570
173 315
174 8752
174 578
174 834
174 2458
174 5290
175 3642
175 4154
175 1037
175 190
175 510
175 670
176 274
176 3508
176 3636
176 1247
177 2071
177 602
177 2782
178 482
178 2310
178 8200
178 223
178 543
179 245
179 391
179 1342
180 350
181 5187
181 7923
181 235
182 386
184 2977
184 407
184 428
185 4850
185 8116
185 380
185 846
185 1311
185 2255
186 853
186 1599
187 1553
187 2083
187 405
187 438
187 6534
187 1497
187 858
187 283
187 238
188 467
188 2339
188 692
188 949
188 3468
188 941
188 3919
189 320
189 417
189 2435
189 7494
189 2955
189 9899
189 1118
190 1041
190 916
190 5444
190 2517
190 347
191 2275
191 551
191 2366
191 1423
192 2576
192 293
192 727
192 1483
192 7934
193 369
193 1299
193 4164
193 9797
193 1078
193 711
193 330
193 5356
193 2702
194 1554
194 1850
194 2349
194 5149
194 351
195 312
196 1456
196 520
196 4649
196 202
196 218
197 726
197 255
198 4736
198 2065
198 2486
198 621
199 1360
199 372
199 1273
199 395
199 9196
199 3037
200 2075
200 4894
200 6382
201 1127
201 542
201 4542
202 203
202 5214
202 3711
203 2112
203 801
203 1076
203 5605
203 4908
204 9152
204 1941
204 442
204 3086
204 207
205 2805
205 2918
205 763
206 2047
207 6716
207 431
208 292
208 854
208 5688
208 5784
209 8712
210 321
210 8353
210 389
210 2118
210 3320
210 5016
211 212
211 294
212 5072
212 244
212 7963
212 301
213 562
213 437
213 2070
213 247
213 493
213 254
214 3648
214 6055
214 731
215 9683
215 708
215 1019
215 7707
215 652
215 365
215 1679
216 597
216 268
216 9598
216 1119
217 1457
217 1106
217 3074
217 3204
217 458
217 3370
218 4656
218 483
218 1655
218 345
218 319
219 278
219 1837
219 334
220 1430
220 298
221 2411
221 637
222 354
222 489
223 1141
223 1317
223 7581
224 2198
224 333
225 4163
225 246
225 2006
226 2838
226 2857
227 962
228 1989
228 231
228 1224
228 346
229 2448
229 1699
229 1381
231 2624
231 594
231 987
232 3696
232 1717
232 7142
232 284
233 2289
233 434
233 4162
233 6146
233 4964
233 1480
233 377
233 1934
234 240
234 800
234 2544
234 580
234 698
235 819
235 2726
235 744
235 5596
236 295
236 567
236 8167
236 2793
237 3985
237 307
237 1812
237 5288
238 984
239 355
239 508
240 1873
240 696
240 7898
241 5026
241 2154
241 575
242 5985
242 443
242 2637
243 1666
243 921
243 251
244 6481
244 3014
244 3206
244 3497
244 5001
244 2123
244 2731
244 7087
245 1090
245 9893
245 1160
245 426
246 1223
247 785
247 931
247 3875
247 2164
247 2276
247 8612
247 918
248 256
248 2370
248 1045
248 3335
248 1663
249 3424
249 4148
249 2133
249 810
249 795
249 462
249 734
250 816
251 1394
251 375
252 8992
252 6179
252 452
252 410
252 523
252 6763
252 5484
253 3218
253 8708
253 9020
253 750
254 1057
254 1281
254 291
254 6678
254 8911
255 6401
255 866
255 787
255 772
255 824
255 9977
255 6154
255 4813
256 1875
256 4903
256 671
257 1622
257 4553
257 586
257 4219
257 3423
258 2515
259 322
259 5461
259 5733
259 2009
260 7040
260 1289
261 3031
262 1189
262 518
262 9887
263 531
263 2235
264 275
264 775
264 874
264 3002
264 526
265 328
265 285
265 573
265 1341
265 6654
266 1748
266 381
267 593
267 387
267 451
267 1143
267 4313
267 2205
267 623
268 2048
268 485
268 359
268 282
269 7521
269 773
269 2584
269 1486
270 6432
270 481
270 370
270 9735
270 440
270 281
271 673
271 2577
271 9705
271 6586
271 491
271 3435
272 288
272 353
272 680
273 3362
273 2771
273 8371
273 4246
273 521
273 2765
275 1429
275 647
275 1881
275 4059
275 6525
276 761
276 397
276 6879
277 4673
277 1507
277 3637
277 971
278 999
278 412
279 470
279 6280
279 682
279 366
279 303
280 6468
280 3032
280 3515
280 5711
281 564
281 1094
281 1642
281 427
281 1437
281 2527
282 5889
282 754
282 8344
282 1481
282 317
282 541
282 1198
282 1310
283 4195
283 774
283 3463
285 976
285 7392
285 4354
285 9667
285 3319
285 5783
285 1594
286 1653
286 1981
286 5677
287 432
287 770
287 5074
287 2756
287 5684
288 384
288 7667
288 842
288 667
290 2563
290 3731
290 2168
290 1945
290 1882
290 1885
290 5806
291 323
291 1369
291 4186
292 2753
292 1125
292 2983
292 3994
293 7604
293 344
293 475
293 988
293 8332
293 7311
294 6267
294 478
295 6035
295 1828
296 675
296 4339
296 1479
296 569
296 399
297 2181
297 5957
297 6229
297 1751
297 556
297 5548
298 1764
298 1546
299 371
299 2405
299 4267
300 769
300 587
301 6212
301 3350
301 2862
301 527
302 5087
303 7426
303 781
303 1101
304 723
304 1555
304 645
304 8286
305 404
305 3061
305 327
305 474
305 5114
306 1722
306 3514
306 718
307 4067
307 4916
307 1032
307 1449
307 3130
307 877
308 5408
308 402
308 822
308 2461
308 3727
309 3414
309 3558
309 2263
309 505
309 1069
309 782
309 3231
310 2321
310 1138
310 6578
310 2611
310 901
311 460
312 5028
313 1233
313 886
314 6819
314 373
314 1208
314 6876
314 7151
315 423
315 1992
315 1993
316 979
316 584
316 1690
316 4364
316 3662
317 1984
317 664
317 1610
317 942
317 8478
318 2496
318 3282
318 1107
318 9850
319 2080
319 2992
319 3777
319 2361
319 926
320 464
320 500
320 343
320 1147
321 7584
321 324
321 1494
321 1353
321 3835
322 864
323 776
323 1225
323 1433
323 2875
323 2719
323 3055
324 8823
324 1357
324 5726
325 2768
325 2099
325 2823
325 600
325 7931
326 9858
326 1404
326 1485
327 817
327 4865
327 7987
327 5723
328 677
328 511
328 6639
329 3328
329 454
329 748
330 7024
331 2176
331 9984
331 705
331 1092
331 7048
332 1484
332 413
332 430
333 948
334 8425
334 1787
335 468
335 3462
335 871
335 6444
336 4335
337 4385
337 446
338 4665
338 639
339 3028
339 1591
339 7368
339 6010
339 973
340 2091
341 2416
341 898
341 967
341 8653
341 6111
342 4690
342 1038
343 560
343 3680
343 802
343 456
343 7131
343 701
343 2605
344 5946
345 1159
345 4234
345 2187
346 4005
346 3126
346 940
347 486
347 3992
347 2140
347 1183
348 1120
348 1473
348 4358
348 1883
349 1988
349 4324
349 3016
349 2570
349 4442
350 356
350 4742
350 7788
351 740
351 1515
351 1134
352 2193
354 1568
354 5108
354 4374
354 9161
354 1946
354 5275
354 2463
355 643
355 1051
356 1062
356 1735
357 1105
357 6088
357 445
358 753
359 628
359 922
359 2013
360 3039
361 709
361 3340
361 463
362 697
362 2526
363 5104
363 8649
363 490
363 989
363 1167
364 2511
365 5974
365 1272
365 985
366 741
366 378
367 1328
367 388
367 855
367 2713
369 2869
369 6341
369 506
370 3425
370 1046
370 927
371 3716
371 582
371 7398
371 823
371 2487
371 4632
371 1241
372 658
372 414
372 3006
372 5422
373 3137
373 2473
374 9476
375 441
375 2830
376 1391
377 821
377 2822
377 679
378 1202
378 630
378 1047
378 3577
378 7036
379 6965
379 2614
379 3270
379 1863
379 798
380 1363
380 5379
380 1972
380 2492
380 447
381 477
381 590
381 3343
382 1209
383 449
383 1412
383 1093
383 8197
383 2919
383 862
384 8883
384 507
384 1165
385 1016
385 2136
385 3193
385 6158
386 608
386 1648
386 7057
386 563
386 1560
386 2600
386 2751
387 9360
388 818
388 1323
389 8208
389 5163
389 3580
390 514
390 2739
390 6389
390 7145
390 1786
390 2634
391 3656
391 953
391 1130
392 615
392 1080
392 2302
392 4606
392 5631
393 1593
394 548
394 695
394 1229
394 9423
395 6597
395 522
395 2894
396 3760
396 1839
397 738
397 7060
397 7975
397 1288
397 1275
397 604
398 2978
398 3108
398 487
398 2568
398 1007
398 1583
399 2736
399 2040
399 1771
400 3376
400 1252
400 6350
401 5507
401 735
402 1609
403 529
403 3954
403 473
403 572
403 1917
404 2643
404 4291
404 2173
405 3905
405 4993
405 730
405 603
405 1694
406 9729
406 3516
406 1103
407 418
407 644
407 5044
407 5944
407 1290
407 429
407 2317
408 1841
408 2709
408 6358
408 1435
409 2608
409 805
409 3111
409 1580
410 4384
410 9494
410 4303
411 739
411 1475
411 1228
411 829
412 5751
412 5800
413 416
413 1683
413 2791
413 2088
413 8603
414 5890
414 9767
414 8988
414 878
415 4305
415 5841
416 9574
416 1514
416 8683
417 721
417 7668
417 2293
418 1832
419 768
419 1035
419 9595
419 2093
420 581
420 6453
420 9254
421 2921
421 1082
421 1567
422 912
422 613
422 2105
423 736
423 5443
423 3199
424 2451
424 4042
425 1400
425 1020
425 1884
425 5583
426 498
426 3288
426 5353
426 3406
426 8655
427 455
427 745
428 1059
428 2170
428 1708
429 466
429 1460
429 7286
429 3849
430 1676
431 1282
431 540
432 8481
432 1123
432 502
432 4205
432 5229
433 656
433 7490
433 4499
433 622
433 719
434 7170
434 595
434 2326
434 1598
435 1364
435 4757
435 4408
436 9377
436 2660
436 3209
436 844
437 4082
437 2371
437 3118
438 1025
438 3300
438 742
439 904
439 634
440 5217
441 4100
441 3766
442 3248
442 5763
442 836
442 3559
442 4444
443 2078
444 1559
445 2355
445 1380
446 913
446 2535
447 549
447 712
447 1145
447 2510
447 9774
448 4471
448 4425
449 7500
449 2558
450 453
450 809
451 2428
452 849
452 691
452 9780
452 3767
452 3768
453 1226
454 1172
454 6920
454 538
454 4411
455 4961
455 1829
455 1772
455 2284
456 4391
457 8774
457 1817
458 472
458 687
459 1174
461 2679
461 509
461 1551
462 561
462 1218
462 501
464 784
464 4373
464 646
464 2024
464 2844
464 958
464 1454
465 5858
465 7778
467 887
467 714
468 6442
468 5518
470 4272
470 4680
471 9737
471 1116
472 2693
472 2104
472 828
473 1489
473 503
473 6297
474 2538
474 607
475 1030
476 4996
476 2172
477 5520
477 5058
477 915
478 1943
478 539
479 9248
479 3953
479 547
479 1925
479 4495
480 1584
480 2868
480 1819
481 640
481 1792
481 3228
482 720
482 8514
482 627
482 2583
482 1498
483 2599
484 657
484 1010
484 1960
484 6761
484 4170
484 8189
485 2849
485 6269
486 2305
486 9190
486 4202
486 1467
486 5787
487 8498
487 8950
487 2250
488 4947
488 1236
488 2761
488 2029
489 1314
489 8806
489 2489
490 545
490 3571
490 4840
491 1154
491 4147
491 1205
491 4284
492 537
493 3858
493 5475
493 6025
493 715
493 923
493 6475
493 7211
494 2064
494 497
494 9258
496 1538
496 2037
496 1767
496 1210
497 9969
497 1058
497 661
498 3459
498 938
499 710
499 2360
499 588
499 1133
499 6142
500 1121
500 2211
500 2403
500 4476
500 879
501 577
501 3461
502 5969
502 5508
502 5015
502 3034
503 5984
503 579
503 7747
503 8410
504 611
504 1543
504 1354
504 2362
504 7595
504 558
505 3120
505 1163
506 946
506 835
506 532
506 2820
506 1626
506 2730
506 3068
507 2007
507 9054
508 1769
508 2301
508 4991
509 8903
510 3683
510 5491
510 747
510 813
510 3053
511 704
511 6816
511 642
511 6968
511 6361
511 2268
512 1026
512 1939
512 8604
512 525
513 9570
513 2407
513 7263
514 2980
514 8521
516 2556
517 7947
517 1725
518 3586
518 3810
518 7076
519 5361
519 6762
520 2961
520 7377
521 2041
521 6810
522 4928
522 755
522 1333
522 631
522 3911
522 1675
522 9437
523 1361
523 3700
524 5029
524 2968
524 4237
525 2148
525 585
525 2841
525 1646
526 1459
526 876
526 1389
527 1348
527 616
527 655
528 2704
528 1315
528 3765
528 1415
528 684
528 7693
529 9894
529 1899
530 6274
530 1053
531 4528
531 6594
531 1955
531 746
532 897
532 1545
532 4922
533 2157
533 3246
534 5140
534 550
534 4461
534 6559
535 1413
535 536
535 2811
536 1682
536 2932
536 1445
536 5836
536 733
536 974
536 1407
538 626
538 2466
538 2706
538 2073
539 771
539 2388
540 757
540 3017
540 5433
540 954
540 3547
541 977
541 1607
541 6572
541 845
542 1936
542 867
542 6867
542 4101
542 2294
542 5129
543 8848
543 1482
544 9232
544 568
546 5894
546 2999
547 3401
547 2414
548 4797
549 4353
549 2373
549 1672
549 2012
549 1261
549 2318
549 7567
550 5843
550 6711
550 1758
551 665
551 554
551 2459
552 576
552 2852
552 4956
553 758
554 2069
554 2954
554 716
554 1279
555 3474
555 981
556 1384
556 2269
557 786
557 1973
557 2216
557 4891
558 3844
558 760
559 9684
559 1866
560 8065
560 4786
560 1799
561 865
561 2343
561 4174
561 6959
562 3563
562 1324
562 3757
563 6848
563 1665
564 2866
564 6100
564 4823
564 3932
565 5741
566 944
566 1618
566 3986
566 3788
567 882
567 5317
567 620
568 1126
569 1714
569 8530
569 3604
569 7625
570 1411
570 804
570 6228
570 599
570 3736
570 7802
570 7615
571 1013
571 2253
572 3239
572 3259
573 2166
573 8235
573 911
574 8435
574 4932
574 4277
574 4216
574 2299
574 1980
574 3998
575 833
575 4954
575 6573
576 9272
577 5472
577 3620
578 7894
578 903
579 8843
579 668
579 4396
579 3422
580 3368
580 4153
581 1500
581 5101
581 6223
582 1155
582 3439
583 1265
583 3549
584 2896
584 1650
584 8198
584 1803
584 2046
585 5909
585 1736
585 7306
585 1259
587 4852
587 1701
587 2053
587 2663
587 5303
587 3545
587 2332
588 1860
589 6787
589 1677
589 3277
590 722
590 5795
590 6724
590 2457
590 895
591 1325
592 919
592 2055
592 4265
592 891
592 3790
594 1794
594 4978
594 5246
595 850
595 703
596 1846
597 2194
597 7019
597 1741
597 9726
597 7343
598 788
598 9640
598 5436
598 3502
599 7890
599 3428
599 1597
600 2539
600 717
601 8635
601 5791
602 1575
603 7200
603 1377
603 1542
603 5148
603 654
604 4049
604 8257
604 729
605 9862
606 3720
607 1463
608 1008
608 1754
608 2923
609 8245
609 1900
609 9421
609 8990
610 7553
610 6966
610 3357
611 6657
611 1081
611 3546
612 8142
613 1097
613 6683
614 3730
614 837
614 951
616 2322
616 1319
616 1373
617 4001
617 2018
617 707
617 7517
618 8664
618 889
618 1579
619 737
619 9139
619 5737
620 1249
621 2081
621 4018
621 1588
621 678
621 6262
622 5764
622 991
622 3999
623 725
624 3185
624 4835
625 1809
625 765
625 2525
625 8174
626 1362
626 4410
626 863
627 1350
627 9751
627 8749
628 4497
629 2192
629 1468
630 2356
631 1240
631 2780
632 1752
632 7499
632 5549
633 5474
633 756
634 1009
634 5867
634 685
635 3029
635 636
635 1293
635 5358
636 8488
636 9771
636 925
637 1216
637 4705
637 2197
637 2120
637 1711
638 2119
638 4631
639 2944
639 2497
639 728
640 7559
640 1000
641 9008
641 3171
641 806
642 5064
643 706
643 2179
644 4487
645 2444
646 9730
646 5917
647 7970
647 3528
647 2906
647 5100
647 1743
648 4981
648 4134
648 8328
649 5896
649 4537
649 6363
649 1039
650 1536
650 4936
650 1194
651 3237
652 4017
652 3851
653 2732
654 5279
655 694
655 713
655 2204
655 1245
655 2814
656 2279
656 2874
657 4263
657 796
657 1693
658 1011
658 2245
658 681
659 3877
659 1351
659 4443
659 5055
660 2688
660 9522
660 3574
661 1539
661 2415
662 950
662 6103
663 1910
663 4230
663 936
663 777
663 1388
666 1671
666 4846
667 2304
667 993
667 1971
667 3815
667 1768
667 2169
668 3427
670 5387
671 934
671 815
672 1012
672 2887
672 3576
672 1563
673 1184
674 4168
674 1822
676 1298
676 3572
676 4703
676 4847
677 1379
677 8106
677 1291
677 893
678 4118
678 3928
678 4298
678 908
679 1096
680 1746
680 7875
680 2234
680 8606
680 8830
681 4421
681 4158
682 1827
682 1349
683 1332
683 838
683 8559
684 1784
685 937
685 6842
687 1137
687 5607
687 856
688 5057
688 1592
688 825
688 1419
688 1774
688 2654
688 6174
689 1493
689 8277
690 2659
690 7352
690 2378
690 1004
691 5904
691 5219
691 1994
692 3035
693 907
693 6941
693 5071
694 3297
694 1770
694 699
694 9179
694 8493
694 1023
695 9620
697 752
697 3106
697 3238
697 8759
697 830
698 2580
698 6788
698 1382
698 7129
698 5756
699 2609
699 1698
699 9026
700 749
700 1070
701 1444
701 2725
701 8437
701 1942
701 3339
702 2076
703 1142
703 779
704 881
705 1408
705 2446
706 1124
706 7977
708 4086
708 4955
709 1810
710 8532
710 1447
710 2391
710 1706
710 5950
711 8865
711 7653
711 4191
713 9493
713 3351
713 1320
713 7928
713 5658
713 8059
713 8893
715 1744
715 2514
715 3651
715 8004
715 2230
715 2135
717 2976
717 3913
717 1757
718 852
718 1685
718 794
718 9662
719 4075
719 4719
719 7279
719 9023
720 1366
720 3974
721 8561
721 7732
721 8063
722 2393
722 7227
723 1465
723 1915
724 6520
726 1673
727 2481
727 2899
728 9921
728 2826
728 2379
729 1963
729 3197
730 3510
730 1100
731 4628
731 890
732 848
732 3882
732 5419
732 766
733 743
733 793
733 7545
734 1950
735 3105
735 3377
735 2762
736 2930
736 1740
737 5923
737 778
737 2909
738 6177
738 2917
738 2062
739 2819
739 4787
739 2277
739 2351
740 2490
740 2142
742 1014
742 1916
743 8147
743 6299
743 2478
743 3583
744 3008
744 814
744 1022
745 1173
745 3015
745 1374
745 1438
746 1788
746 1470
747 2970
747 1806
748 4785
748 1250
748 1043
748 1375
748 4015
749 7810
749 1924
749 9412
749 797
749 9679
750 1920
751 2913
751 6743
752 5824
752 1692
752 5438
753 6595
753 839
753 3832
755 883
755 2217
756 1620
756 1637
756 2233
757 9014
758 1651
759 2775
760 935
760 1303
760 8605
761 9138
761 2084
761 3750
761 8079
762 5947
763 7298
763 1878
763 4841
763 5386
763 6060
764 896
764 5848
764 9659
764 2718
765 1269
765 3962
765 4220
766 2036
766 5512
766 1086
767 1329
767 872
767 1033
767 2329
767 1790
768 1128
768 4941
768 1263
769 3828
769 9385
770 4992
770 1268
771 6417
771 1638
771 2424
771 4715
771 1869
772 5251
772 3038
773 6544
773 3298
773 2116
773 2727
773 4439
773 1055
774 3314
774 4866
774 1891
774 917
775 1073
775 783
776 4199
776 3128
776 2410
777 1761
777 2834
777 3442
777 8724
778 1879
778 2079
779 5479
779 3864
779 799
780 1587
780 1108
781 9345
781 1826
782 4257
782 8930
782 859
783 4626
784 2160
784 1985
784 8609
784 3005
785 6900
785 5765
785 5959
785 3704
785 1005
785 1151
786 1474
786 792
786 1887
788 1808
788 4016
788 1234
789 1522
789 5580
789 4974
790 2488
790 2110
790 3375
791 4994
791 6277
791 6102
791 4456
791 3115
792 1953
792 1508
792 1977
792 1979
792 1052
793 3506
793 3865
794 1912
795 1674
796 2098
796 5478
796 4474
797 2579
797 3897
797 4377
798 1541
798 6504
799 3159
800 1185
800 6853
800 7685
800 808
800 1178
800 3674
800 1327
801 982
801 7289
801 5355
801 8971
802 826
803 1616
803 2072
804 6798
805 1168
805 6923
806 894
807 1908
807 7869
807 2207
808 4222
808 5823
809 880
809 5584
809 8377
810 2258
810 7181
811 1312
811 1520
811 7168
811 8108
812 929
812 8873
812 939
813 1056
813 1110
813 1644
813 1983
814 1766
814 2438
815 3936
815 1111
815 1274
816 8068
816 1991
816 2126
816 3551
816 5887
817 9383
817 906
817 1150
818 1712
818 5340
819 2215
819 8072
820 1825
821 3049
821 1516
821 4510
821 5103
822 7940
822 8298
823 6405
823 7766
823 873
823 2218
824 2840
824 9048
824 1961
824 1390
825 2034
825 2491
826 7650
826 5031
826 1464
826 1820
827 1109
827 8824
827 8378
828 7523
828 2282
829 1136
829 902
830 2418
830 5215
831 4880
831 1667
832 5473
832 5927
832 1144
833 8881
833 868
833 1044
834 6384
834 8442
834 4523
834 8699
835 995
835 1684
835 969
836 1586
836 6618
836 847
837 7427
838 2241
838 920
839 1313
839 1864
839 1085
839 1853
840 9249
842 1219
842 5560
842 1131
842 6767
843 2333
845 933
845 2184
845 4507
845 1295
846 9825
846 1527
846 5255
847 1197
848 9601
848 2027
849 2545
849 899
849 1431
850 3886
851 1217
851 1206
853 2537
853 2493
854 1466
855 2916
855 2861
856 5856
856 3939
856 888
856 5240
857 4518
857 3212
858 1180
858 1742
859 6115
859 6919
859 1753
860 3121
861 3712
861 7095
862 2848
862 1301
862 7885
862 1262
862 2927
863 978
863 6108
864 4613
864 4203
864 3485
866 980
866 5940
867 1232
867 1221
867 1195
867 2124
868 2401
868 1731
868 3174
868 8934
868 1322
868 1578
868 7565
869 9552
869 4307
869 4794
870 2417
870 2308
871 5523
871 964
871 2597
871 910
871 1631
873 1346
873 8420
873 6702
874 5825
874 2374
874 7228
875 1345
875 6962
876 5821
876 4990
877 3552
877 4803
878 1687
878 957
879 930
879 4658
879 1462
879 4251
879 1166
880 928
880 1937
880 963
880 1367
880 4136
880 1305
881 960
881 1603
881 2678
881 6699
882 1063
882 5849
882 1662
883 1496
883 3018
883 1613
884 7249
884 8401
884 1204
884 2649
884 5785
884 1501
885 2441
887 8074
888 4081
888 3476
888 5604
888 1246
888 1503
889 1844
889 6219
889 5757
889 1519
890 1872
891 8274
892 4019
892 3924
892 9304
892 2063
892 7727
893 7997
896 3857
896 4867
896 3241
896 2238
897 2108
898 3593
898 7066
899 6561
899 3555
899 3529
900 2400
900 3681
900 6885
900 1385
900 1451
900 2252
900 2750
901 8048
901 1077
901 2453
901 1175
901 1049
901 1242
901 5454
901 1919
902 3329
902 7196
904 6662
904 1239
904 7719
905 1649
905 1914
905 8846
905 2447
906 3618
906 4770
906 4521
908 952
908 2989
909 3965
909 3471
910 1280
910 1726
911 2630
911 8600
911 1897
912 1200
912 1376
912 8912
912 968
912 8827
912 2671
913 4308
913 4357
913 7439
916 3726
916 3007
917 9928
917 1517
918 1028
918 4836
918 1469
919 3585
919 6362
920 1371
921 1201
921 2564
921 1326
922 9108
923 2498
923 3509
923 6487
924 1157
924 5609
924 8233
924 1054
925 1042
925 943
926 5009
926 8443
926 5021
926 1518
927 1842
927 3967
928 6663
929 9842
930 6404
930 2183
930 2606
931 6691
932 1793
932 2423
932 7159
933 2948
933 1432
933 1068
934 2452
934 2901
934 4351
936 4161
936 4194
936 2741
936 2783
937 3825
937 1222
937 3276
938 1018
938 3613
938 2767
939 2051
941 5392
941 4115
941 5546
941 9932
942 2494
944 2240
944 2507
945 5136
945 994
945 1330
945 1907
946 8033
946 6150
946 1308
947 6905
947 1002
948 2330
948 972
949 5831
950 3420
951 5236
951 6983
951 7961
951 3247
952 3409
952 3047
953 2312
954 5588
954 8967
954 1964
954 8733
955 6433
955 2532
955 9093
955 1336
955 2554
956 3073
956 4309
956 1102
956 2991
957 1153
958 7828
958 966
958 9883
958 1149
959 2225
959 1192
961 1060
961 9578
961 1135
962 1034
963 2209
963 4533
963 1207
963 3786
963 1099
964 1785
964 2858
964 3677
964 1455
965 1713
966 1140
966 3253
966 1098
966 1931
967 4762
968 5635
968 4889
968 3834
970 7638
970 1356
970 1836
970 9631
971 5891
971 7976
972 1088
972 5828
972 1006
973 4226
973 1300
973 1719
973 5767
974 7059
974 1557
974 1439
975 8944
975 5105
975 1414
976 2096
977 3987
977 1628
977 6622
978 2085
978 4405
979 5366
979 1003
979 3611
979 4971
979 9051
979 4316
980 992
980 1747
981 1721
981 5374
982 4753
982 9097
985 1115
987 1521
987 7938
988 1426
988 1112
988 1452
989 2297
989 5369
990 1533
991 1923
991 3077
991 1015
991 3021
991 4271
992 1716
993 7755
994 5018
995 5165
996 3139
996 1064
997 1297
997 1122
997 4180
997 3437
998 5553
998 1540
998 1258
999 3616
999 7861
999 2748
1000 8427
1000 4319
1001 4603
1001 1405
1001 2541
1002 2518
1002 1625
1003 3595
1003 4190
1003 7198
1005 2174
1007 1765
1007 4710
1008 1696
1008 2121
1008 1727
1009 2662
1009 7862
1010 1152
1010 1220
1010 7812
1010 2375
1010 4685
1011 3392
1011 1179
1011 4781
1012 7831
1013 8673
1013 3876
1013 1868
1014 9173
1014 5514
1014 1307
1015 1658
1016 1892
1016 1285
1016 4104
1016 9775
1017 7630
1017 1071
1018 1798
1018 7798
1018 1084
1019 1779
1019 1691
1020 2864
1020 6368
1020 4403
1020 3192
1020 1962
1020 6655
1021 5352
1023 1537
1023 1702
1025 9923
1025 5367
1025 1257
1025 2715
1026 6145
1026 8251
1026 3164
1026 2799
1027 4282
1028 3036
1029 2672
1029 2737
1029 1095
1029 3082
1030 7002
1030 7388
1031 7489
1031 2674
1031 1238
1031 9226
1032 4264
1033 4050
1033 5780
1033 6324
1034 6353
1035 6259
1035 1417
1035 4905
1036 5048
1037 1490
1038 3698
1038 8714
1038 1471
1039 1190
1040 6963
1041 1230
1042 6130
1042 1129
1043 6689
1043 1668
1043 2747
1045 3540
1045 9094
1045 2696
1045 4363
1046 1253
1046 1158
1047 1760
1047 1188
1047 3129
1048 7617
1048 8566
1049 6993
1049 1477
1049 2778
1049 2829
1050 1075
1052 4547
1052 2134
1052 3798
1053 5650
1053 1940
1054 9109
1054 2889
1054 2602
1054 1087
1055 3360
1055 5347
1055 2836
1055 3045
1055 4108
1055 2397
1055 1951
1056 1512
1057 3024
1057 3353
1057 1902
1058 1089
1058 7114
1059 5122
1059 1171
1059 6279
1059 9064
1059 3321
1060 1552
1060 2769
1060 2434
1060 8546
1060 1718
1060 2025
1060 3162
1060 6413
1061 4208
1062 2382
1064 4927
1066 3996
1067 3804
1067 4014
1068 2368
1068 5510
1069 1956
1069 2020
1069 4724
1070 2147
1071 3541
1071 1577
1071 1995
1071 2815
1072 4292
1073 6021
1073 4683
1073 1453
1075 7269
1075 1191
1075 2856
1075 2271
1077 6872
1078 2149
1079 2288
1079 4038
1080 6476
1081 7319
1081 1113
1081 2314
1082 7153
1082 7381
1082 2742
1083 1170
1083 2740
1083 9223
1083 3278
1084 4555
1084 1756
1085 5638
1085 7335
1086 2892
1086 2749
1087 1306
1088 1913
1089 2562
1089 1156
1090 1196
1091 8961
1091 3396
1091 1855
1092 1856
1092 1581
1092 1278
1093 1344
1093 8162
1093 6057
1094 2720
1094 5091
1094 1509
1094 9431
1095 9765
1095 2056
1096 4592
1096 6837
1096 3149
1097 4314
1097 4911
1098 3361
1098 3751
1098 6313
1098 6687
1099 2912
1099 1763
1099 6835
1101 1670
1101 4842
1101 8395
1102 1777
1103 5973
1103 5550
1104 7506
1104 1321
1106 8042
1106 2939
1107 9305
1108 3083
1108 1214
1110 3556
1110 4055
1111 2647
1111 1657
1111 4892
1111 3918
1111 5503
1112 2167
1112 9567
1113 1177
1113 2010
1114 2354
1114 1733
1114 7375
1115 3140
1115 6967
1116 1260
1116 4829
1117 4872
1117 2031
1118 3907
1118 2042
1118 1182
1118 6703
1119 9538
1119 1428
1119 2008
1121 5968
1121 7818
1122 3256
1122 2734
1123 2950
1123 2247
1123 4330
1124 1904
1124 3040
1125 8209
1125 1422
1125 2270
1126 4519
1126 5659
1127 5351
1127 2089
1127 1548
1128 4948
1128 9652
1128 6200
1130 9762
1130 9787
1130 6796
1131 5832
1132 1720
1133 6882
1133 2067
1134 1952
1134 5892
1134 1461
1134 1835
1135 1425
1135 1601
1135 1410
1135 2005
1135 7797
1135 3606
1137 1870
1138 1383
1138 8188
1139 8583
1139 1294
1140 1762
1140 2596
1140 2442
1140 6542
1141 2960
1141 7099
1141 3500
1141 1181
1142 3089
1142 4539
1142 6635
1143 1570
1143 8358
1143 2988
1144 1576
1144 3436
1145 1845
1145 8614
1146 9255
1147 1231
1148 2311
1149 9378
1149 4612
1150 2146
1150 7666
1150 5722
1151 3243
1152 2200
1152 1358
1153 4121
1156 3794
1157 4369
1157 6052
1157 2876
1157 1821
1157 1614
1158 4900
1158 4744
1159 7998
1159 9135
1160 6917
1160 4198
1160 5257
1161 1213
1162 3881
1162 2044
1163 9755
1164 3617
1164 3652
1164 1339
1165 3762
1165 2627
1166 1998
1167 3619
1167 5292
1167 7678
1170 1624
1170 5065
1170 3451
1170 7003
1171 7744
1171 1959
1172 1416
1174 5162
1175 5248
1175 1254
1176 5977
1177 1398
1177 4093
1178 3345
1178 4270
1179 3125
1179 9015
1180 3666
1180 4899
1180 5315
1181 3056
1181 2743
1181 8858
1182 1296
1182 7054
1182 4975
1184 9336
1185 1814
1185 3273
1185 3369
1185 1834
1185 5916
1186 2178
1186 2757
1186 9773
1187 1585
1187 3779
1187 4698
1189 7593
1190 3151
1191 1443
1193 4915
1193 3701
1194 2676
1194 1608
1195 5168
1195 2689
1195 4930
1195 9575
1195 3097
1195 1212
1196 4167
1196 2456
1197 2542
1198 4232
1200 5699
1200 1531
1200 2587
1200 4731
1200 8973
1201 1334
1201 2904
1201 7533
1201 3934
1202 1589
1203 2881
1203 5683
1203 6645
1203 1654
1203 1243
1203 1355
1204 2821
1204 4185
1205 1974
1206 8008
1207 1284
1207 3252
1207 4020
1207 1399
1208 4236
1208 6399
1209 2177
1209 2213
1209 8361
1209 7902
1210 2103
1210 3800
1210 1386
1212 1504
1212 3075
1212 1734
1212 1436
1213 2963
1213 1709
1215 8584
1215 4074
1216 1266
1216 2115
1218 2419
1219 1669
1219 1495
1220 5704
1220 1898
1221 4096
1221 1689
1222 6574
1223 3234
1223 4774
1223 1848
1223 9960
1223 1660
1224 1700
1224 1623
1224 1759
1225 7702
1225 3775
1226 9095
1226 7658
1226 7674
1226 6827
1227 1287
1227 2682
1227 5213
1228 1499
1228 4957
1229 2645
1229 1270
1229 1833
1230 1442
1230 3348
1230 3263
1231 6139
1231 1277
1232 3481
1233 1617
1233 8515
1234 4225
1234 3562
1236 2150
1236 1406
1237 3703
1238 5300
1241 3688
1242 7504
1242 7478
1243 3069
1244 8754
1245 9637
1245 1286
1245 2972
1246 2131
1246 3511
1247 8704
1248 3608
1248 9002
1249 2082
1250 5955
1250 1796
1251 1472
1251 1728
1251 8204
1252 3456
1252 1393
1252 5313
1252 2504
1253 2724
1253 2651
1255 2784
1255 3983
1256 8528
1257 5792
1257 5175
1257 5655
1257 2106
1259 1392
1259 4145
1260 1987
1260 3622
1260 9511
1261 3232
1261 2338
1261 2214
1261 1816
1261 2604
1262 2054
1263 5569
1263 1723
1266 5799
1267 6566
1267 1340
1268 3132
1270 2503
1271 6029
1272 1604
1272 1813
1272 7337
1273 3383
1274 2566
1274 8475
1275 6434
1275 5753
1275 1450
1276 3498
1276 3900
1276 2159
1276 6447
1277 8130
1277 1807
1279 1858
1279 3155
1280 1574
1280 7914
1281 3718
1281 7334
1281 1544
1281 4458
1282 4048
1282 1409
1282 3222
1283 5949
1284 4209
1285 2658
1285 8445
1286 2248
1287 1969
1287 2280
1287 3279
1288 7303
1289 2325
1289 6858
1291 3600
1292 7537
1292 3219
1294 8981
1294 8087
1294 9831
1295 6136
1295 4492
1296 4116
1296 1561
1296 7326
1297 1737
1297 9370
1298 7362
1298 3940
1298 1511
1298 1368
1298 3023
1299 4944
1299 2087
1301 5350
1301 7534
1303 1635
1303 3220
1303 7839
1304 1403
1305 1309
1306 1954
1306 3685
1307 5439
1308 5336
1310 5643
1310 2045
1311 2327
1312 9444
1312 2952
1312 3258
1313 4362
1313 5002
1313 4923
1313 5743
1314 3937
1314 7995
1316 2613
1316 6167
1317 7728
1318 2929
1318 2340
1318 6407
1318 5464
1318 1865
1318 2283
1319 9513
1319 3707
1321 1524
1321 7487
1322 3088
1322 4709
1322 6089
1323 5691
1323 1678
1324 8080
1324 9891
1324 2212
1324 1529
1325 4578
1325 5298
1325 2052
1325 8122
1325 8490
1325 8815
1327 1487
1328 3058
1328 2196
1328 4024
1328 2060
1328 5487
1329 6416
1329 1715
1329 8414
1330 5106
1331 7277
1332 2145
1332 3267
1332 1528
1332 3167
1333 1778
1333 4979
1333 3787
1333 6877
1334 6838
1334 1343
1335 8438
1337 6996
1337 1420
1338 3956
1338 8710
1338 2460
1338 8143
1339 1840
1339 4660
1339 1801
1340 3210
1341 9342
1341 5535
1342 4211
1342 6292
1342 1611
1344 1396
1344 9209
1344 4527
1345 1418
1345 4477
1347 9126
1349 2273
1349 1929
1349 1359
1350 3280
1350 4610
1350 4340
1350 1775
1351 3444
1352 1506
1352 7395
1353 2242
1353 8107
1354 1852
1354 2959
1355 2189
1356 5250
1357 4995
1357 7229
1358 5096
1358 6745
1358 8175
1360 9350
1360 1370
1361 5717
1361 6895
1362 1896
1362 3359
1363 8052
1363 3078
1363 9583
1365 9267
1365 3829
1365 3302
1365 3294
1368 1600
1369 3194
1369 3870
1370 2259
1370 1641
1371 3402
1371 9007
1373 3495
1374 1424
1374 2898
1375 1921
1375 3852
1377 6550
1377 6982
1378 1441
1378 6673
1378 3578
1378 4493
1379 5747
1379 2728
1379 2650
1380 7881
1381 6053
1382 4807
1383 2785
1383 2817
1383 3026
1384 7768
1384 9868
1384 3902
1384 4511
1385 2685
1386 8373
1386 4454
1386 3372
1387 6674
1387 1876
1387 5983
1388 4531
1389 1656
1389 5903
1390 2774
1390 5194
1391 2851
1391 5668
1391 2777
1391 1532
1392 3100
1392 1647
1393 8555
1393 2383
1394 2097
1394 7922
1394 4087
1394 4711
1394 3033
1394 5721
1395 1970
1395 5188
1395 3081
1397 2180
1397 1877
1398 1621
1400 6435
1400 2058
1401 6603
1402 2344
1403 6097
1403 4088
1403 2014
1405 6160
1405 6050
1405 1815
1405 2855
1405 8552
1406 4073
1406 5226
1407 5004
1407 1661
1408 8421
1409 6952
1409 4141
1410 4931
1410 8629
1410 1738
1410 3102
1410 1615
1411 3009
1411 4801
1411 4009
1413 3602
1413 6117
1413 3543
1413 1534
1415 2208
1415 2800
1416 2264
1416 2585
1416 2633
1416 3661
1416 1886
1416 6030
1417 6564
1418 9633
1418 1903
1419 9168
1419 8024
1419 2845
1419 3821
1419 3071
1420 3699
1420 1755
1420 5023
1421 2547
1421 1510
1421 4682
1421 7371
1421 8348
1422 1780
1422 4573
1424 7434
1424 1627
1425 3398
1425 1582
1425 4175
1426 1909
1426 2567
1426 2552
1428 2152
1428 2524
1429 4576
1430 2754
1430 4248
1430 2346
1431 4349
1431 1918
1432 7313
1432 4935
1432 9803
1432 9758
1435 5796
1435 7338
1435 1547
1435 5755
1435 9084
1437 2499
1438 3413
1438 1847
1438 3289
1438 4223
1439 5452
1439 1695
1440 2574
1441 1525
1441 3290
1442 2102
1442 2825
1443 3146
1445 5008
1445 2969
1445 1854
1446 5681
1446 6964
1446 5143
1446 4924
1447 7069
1448 3812
1448 4989
1448 5789
1449 6180
1449 3717
1449 4934
1449 5912
1449 9164
1450 8964
1451 6372
1451 6874
1451 7610
1454 5456
1454 4452
1455 3249
1455 4449
1455 6804
1455 1605
1456 8965
1457 2657
1457 7046
1457 2813
1458 7028
1459 3747
1459 1526
1460 1659
1460 7774
1460 2095
1461 2390
1462 7415
1462 2827
1463 3713
1463 2534
1463 5260
1464 2161
1464 1492
1464 7722
1464 3612
1464 6543
1465 2061
1466 2786
1466 4178
1466 5898
1467 4772
1467 9861
1467 6422
1467 1710
1468 1975
1469 2454
1469 3095
1469 5752
1469 1535
1470 1478
1470 1590
1470 5578
1470 2779
1470 5052
1471 3494
1471 8940
1472 8083
1472 7673
1472 2300
1473 8386
1473 6105
1474 7915
1474 2141
1474 2975
1475 3811
1475 1630
1475 3663
1476 1749
1478 1634
1478 3621
1478 4379
1480 4946
1480 3693
1482 4699
1482 2364
1483 2165
1483 1513
1483 2683
1483 4491
1483 1901
1483 3917
1484 8324
1484 1880
1485 2594
1485 7091
1487 1729
1487 9490
1488 3346
1488 6924
1488 4686
1489 1849
1489 2347
1490 2833
1490 3387
1491 1750
1492 4256
1492 5193
1493 2342
1493 2239
1494 3072
1494 2348
1495 1857
1495 2472
1496 7086
1497 3004
1499 3189
1500 1633
1500 2138
1500 4143
1501 7554
1501 1564
1501 7629
1502 2831
1503 2032
1503 7846
1503 3773
1504 2746
1504 7627
1504 2381
1505 1986
1505 4692
1506 2694
1506 3183
1507 4259
1507 8744
1508 1745
1508 4197
1508 1688
1508 8012
1509 7056
1509 2867
1509 5271
1509 7164
1510 7384
1510 3226
1512 5882
1512 7756
1512 7535
1514 4470
1515 1823
1516 2828
1516 2846
1517 5573
1517 5286
1517 1911
1517 3434
1517 8412
1518 5092
1518 5046
1518 7739
1519 1707
1519 9005
1520 3165
1520 3341
1522 5742
1523 4960
1523 1572
1523 3503
1524 3382
1525 3929
1525 6492
1525 5807
1526 2966
1527 9382
1527 8573
1528 1949
1528 7469
1531 2182
1532 7689
1532 7373
1532 1566
1532 3214
1533 7462
1533 6942
1534 9063
1535 1800
1537 4192
1537 8322
1537 4741
1537 8732
1537 3309
1537 5294
1538 2432
1538 2001
1538 3265
1539 3833
1539 5437
1540 3264
1541 4036
1541 4701
1542 1888
1543 2107
1544 1643
1545 3161
1545 5501
1546 9766
1547 4273
1547 7498
1548 2016
1548 1681
1548 1652
1549 8350
1550 1862
1550 1704
1551 3763
1551 3478
1552 5611
1552 7037
1555 3904
1555 2953
1556 5125
1557 3942
1557 5591
1558 5506
1559 3658
1560 6072
1560 2398
1560 7199
1561 6898
1561 4696
1561 7624
1561 1612
1562 2128
1562 5762
1562 2981
1563 1697
1563 4401
1563 6802
1563 1619
1563 3845
1563 7609
1563 1867
1563 2380
1563 2588
1565 4914
1565 4854
1566 2531
1566 4755
1567 4622
1568 2331
1570 6338
1570 2792
1572 5201
1572 6721
1572 5241
1572 2859
1573 2190
1573 7614
1574 2752
1577 6084
1578 1640
1578 1705
1579 7084
1579 1838
1580 2402
1580 4885
1580 2231
1581 1859
1581 4069
1582 5672
1585 3955
1586 2426
1586 3306
1587 2964
1587 6166
1587 5036
1589 7331
1589 7844
1589 4968
1589 3308
1591 2789
1591 1639
1592 5982
1592 7806
1592 3599
1593 2480
1593 3993
1594 5682
1594 3592
1594 1595
1595 6500
1595 1830
1595 2278
1595 2711
1596 1602
1596 6644
1596 8747
1596 9343
1597 4151
1597 8938
1597 2203
1597 3116
1597 4526
1598 8833
1598 6328
1600 8568
1601 8405
1601 5562
1602 2033
1602 2865
1603 8485
1604 3466
1605 6624
1606 7328
1606 1781
1606 4486
1606 5705
1606 1871
1607 1795
1607 2900
1608 7576
1608 8266
1609 3776
1609 8433
1609 1922
1609 2618
1610 1645
1611 2129
1611 2449
1611 9908
1612 2947
1612 5979
1612 1629
1612 8751
1613 3281
1613 6493
1614 7329
1614 2004
1614 5274
1615 2000
1615 8601
1615 2603
1615 2879
1616 3575
1616 9611
1618 2548
1618 2303
1620 2043
1621 2384
1621 4025
1623 2680
1623 5838
1624 6409
1624 1773
1624 6318
1625 3569
1625 6611
1626 3977
1626 1851
1626 8253
1628 4083
1628 3317
1628 3421
1629 4433
1629 2420
1629 3668
1629 6766
1630 1632
1630 2884
1630 4598
1630 4157
1632 1776
1632 1928
1633 4285
1634 8236
1634 2158
1636 5264
1636 2022
1637 2601
1638 6096
1639 3755
1639 9931
1639 9325
1640 9416
1640 3737
1641 5040
1644 8550
1644 3066
1645 9510
1645 3404
1646 9539
1646 7126
1646 2412
1647 6992
1647 8531
1647 2619
1647 2668
1649 6828
1650 2281
1652 2824
1652 3912
1653 5299
1654 5488
1654 1843
1658 8212
1660 2880
1660 3566
1661 6515
1662 6336
1662 2306
1662 8062
1663 7409
1664 6871
1665 2155
1665 3710
1665 6206
1666 4447
1667 6633
1667 1818
1668 2484
1668 5994
1669 2592
1669 5207
1669 5097
1670 2781
1670 4414
1672 2399
1673 7184
1674 7021
1675 3589
1675 1965
1676 7216
1676 2794
1676 3676
1677 2049
1677 2162
1677 3650
1677 3284
1677 6684
1678 4280
1678 2236
1679 5734
1679 3103
1680 7062
1680 7512
1682 4144
1682 5719
1682 9817
1682 8587
1682 3261
1683 6351
1684 4919
1686 1895
1686 1978
1687 2292
1687 2143
1687 4479
1688 6650
1689 6913
1691 2291
1691 1802
1691 9358
1692 9474
1693 1783
1693 4764
1693 2798
1694 4434
1694 3721
1694 3626
1694 8170
1695 6786
1695 5030
1695 4008
1696 4723
1696 2582
1697 3655
1697 3863
1698 1874
1698 1938
1699 2394
1699 3051
1699 3614
1700 2528
1700 4098
1700 9419
1701 2733
1702 6612
1702 2635
1703 2023
1703 6907
1703 4012
1704 8117
1705 1890
1705 5524
1706 5328
1706 9285
1706 3901
1708 2260
1708 1930
1708 1966
1708 2687
1709 1944
1714 1926
1715 2437
1716 5727
1717 9828
1717 1894
1717 5191
1718 3447
1718 6538
1718 5195
1718 5852
1718 2941
1720 9907
1721 7346
1721 8802
1721 2729
1722 3327
1723 2443
1724 7475
1724 2324
1724 9405
1725 4064
1725 3003
1726 7900
1727 3365
1728 5571
1728 2287
1729 7734
1730 3969
1731 3624
1731 6330
1733 4827
1733 2591
1733 2703
1735 5731
1735 2903
1735 7261
1735 3646
1736 4548
1737 7920
1737 5953
1739 3830
1739 5414
1740 9906
1742 7853
1742 2430
1742 2670
1743 9174
1743 2648
1743 3770
1743 3979
1744 2770
1745 7161
1745 5179
1746 2188
1747 5648
1747 5141
1748 5715
1748 4633
1750 2195
1750 8877
1751 7027
1751 6792
1751 6074
1751 2623
1752 5811
1752 4347
1752 8398
1755 1990
1755 7149
1756 2994
1756 9000
1757 2677
1757 3594
1757 7519
1760 2132
1760 8319
1761 7600
1761 7353
1761 5883
1761 5581
1762 5283
1762 9413
1763 7201
1763 6466
1763 8586
1763 5196
1764 9104
1765 3269
1766 9523
1766 6585
1766 3418
1767 3112
1767 6846
1768 9572
1768 3030
1768 3640
1768 6205
1769 2011
1769 2797
1769 5295
1770 5480
1770 2842
1771 4516
1772 8908
1772 4463
1774 2359
1774 3995
1775 8466
1775 6793
1778 4638
1779 4032
1779 4165
1779 8095
1782 1906
1782 2471
1783 3411
1785 4027
1786 1967
1787 3856
1787 4949
1787 4312
1788 2993
1788 4546
1788 3480
1788 6890
1788 6971
1789 3715
1789 7413
1790 1805
1790 2557
1791 3091
1792 3440
1794 7397
1795 2002
1795 4952
1795 3678
1796 8503
1796 1999
1797 5559
1797 2888
1798 6849
1798 4751
1799 3639
1802 2309
1802 4229
1803 7009
1804 8596
1804 1893
1805 5990
1808 1927
1808 5146
1809 2850
1809 9779
1810 2337
1810 5572
1810 7242
1810 7834
1810 4334
1812 3925
1812 2039
1813 4517
1813 2254
1813 4799
1815 7842
1815 7496
1817 6391
1818 2628
1818 6281
1819 2485
1819 3525
1820 7954
1820 2003
1820 3059
1820 3542
1822 3315
1822 2021
1822 2631
1823 7271
1823 4473
1823 4650
1824 4350
1825 2422
1825 2990
1827 2502
1827 7067
1827 6957
1829 2114
1829 5128
1829 6394
1830 4398
1831 2655
1833 2837
1833 4063
1834 4002
1834 9381
1836 5270
1836 2957
1837 7656
1837 2938
1838 9682
1839 4233
1840 1905
1840 4085
1841 2476
1842 3090
1842 2431
1843 2626
1843 3878
1845 2669
1846 4066
1846 3670
1847 8797
1848 6840
1848 2620
1849 3235
1849 2477
1849 6478
1850 6065
1850 7077
1850 7399
1850 2026
1851 4122
1852 2440
1854 3490
1855 2467
1855 2987
1857 9638
1857 1996
1859 5620
1859 5054
1860 2512
1860 2501
1860 3397
1860 5116
1861 3544
1861 9979
1861 3150
1862 2153
1862 2015
1863 9794
1863 1957
1865 2640
1865 4150
1865 5306
1865 5802
1866 6273
1866 2019
1868 4706
1869 2057
1870 6069
1870 2171
1871 5416
1873 2372
1874 3749
1874 4877
1875 1958
1875 5595
1875 9116
1876 2261
1876 4070
1878 3958
1878 2506
1880 4071
1881 4864
1882 5623
1883 1968
1886 4371
1886 4614
1886 2667
1888 4982
1888 5159
1889 2508
1890 2320
1890 7599
1891 2290
1891 9949
1892 3827
1893 5489
1893 3114
1893 1933
1894 2772
1894 2664
1894 4297
1895 5690
1897 2610
1899 2117
1900 4545
1900 4530
1900 9561
1900 2350
1901 3076
1901 2701
1902 2665
1904 2130
1904 2229
1904 3909
1904 5992
1904 5547
1905 2632
1905 7800
1905 6334
1908 6659
1908 8571
1909 2691
1910 2353
1910 7733
1910 2222
1911 4951
1912 9472
1912 3843
1913 6418
1914 5077
1915 3296
1915 6693
1915 6471
1916 2760
1916 6653
1917 3988
1917 6932
1917 4010
1920 2958
1920 4047
1921 8260
1921 2569
1921 2059
1921 2219
1921 5804
1922 7781
1922 2598
1922 2808
1924 2469
1924 2028
1926 2853
1926 2455
1926 6893
1927 3460
1927 3894
1927 2695
1927 4072
1927 4090
1927 5967
1928 3154
1928 3922
1929 4244
1929 3871
1930 7187
1931 2191
1933 7684
1934 5652
1934 8157
1935 5810
1935 5822
1936 4054
1936 3325
1938 2074
1939 2712
1939 4255
1940 5203
1940 5156
1940 2421
1940 3143
1940 3470
1941 2450
1942 4352
1944 1982
1945 5310
1946 3025
1946 2807
1946 3198
1947 6521
1948 3011
1948 8809
1949 7299
1950 5794
1950 6906
1951 2345
1951 5482
1952 2352
1953 4404
1953 4887
1955 4218
1956 4884
1957 5603
1958 2985
1960 8076
1961 7741
1962 7867
1963 7422
1964 4214
1965 6474
1965 8767
1967 2100
1967 3412
1967 2185
1967 5929
1967 1997
1968 4382
1969 3627
1969 3692
1969 6733
1969 9630
1970 8149
1970 2246
1971 7792
1971 2878
1972 4848
1972 2389
1972 2936
1973 4675
1973 6501
1973 3866
1973 6461
1974 3446
1974 3690
1974 5470
1975 8056
1976 2536
1977 6420
1978 6240
1978 4366
1979 2068
1979 4281
1980 9193
1980 5660
1981 2101
1981 3131
1981 2652
1982 5744
1982 2675
1982 2523
1982 9820
1983 3062
1983 4938
1983 6911
1984 2684
1985 9864
1985 2653
1986 8069
1986 2186
1988 4128
1988 5862
1988 3080
1990 2818
1991 5284
1991 6038
1991 5225
1992 2035
1992 4361
1993 4883
1994 5556
1996 3537
1996 5624
1996 4399
1997 6686
1998 2066
1998 5130
1999 2251
2000 2962
2000 2387
2001 5014
2001 2092
2002 3178
2004 9607
2005 5696
2005 7911
2006 3536
2006 4140
2007 4624
2008 5913
2009 6244
2009 9263
2010 6894
2011 6340
2011 2090
2014 2262
2016 3410
2016 5918
2017 4279
2017 4207
2020 4529
2020 5735
2020 6408
2023 4881
2023 3213
2023 3742
2023 8431
2024 2144
2024 7672
2025 4564
2026 6508
2027 7937
2027 8659
2027 3432
2027 7769
2028 6596
2029 8963
2029 9028
2030 7000
2031 8921
2031 3307
2032 6820
2033 4469
2035 7282
2036 3216
2036 6738
2037 5428
2037 6061
2038 9200
2038 3483
2038 5710
2039 4484
2039 4616
2040 4455
2041 8341
2042 3223
2043 4023
2044 2256
2045 2163
2045 2982
2045 2295
2045 3147
2045 3596
2046 8338
2046 5158
2046 6023
2046 6535
2046 4568
2046 3099
2047 7956
2048 4647
2048 2744
2049 2629
2050 8640
2050 3990
2050 3020
2051 6046
2052 8023
2053 4315
2054 5425
2054 8471
2055 2227
2055 7578
2056 4441
2056 2766
2057 8793
2057 3756
2058 2377
2058 6044
2060 2979
2061 2863
2062 3499
2062 2716
2063 3664
2063 9219
2063 4427
2063 5502
2065 3381
2065 4317
2066 4105
2067 2220
2068 8306
2068 4509
2068 6782
2069 3236
2069 3221
2069 3337
2069 2267
2069 4557
2069 2206
2071 9886
2072 6421
2072 3926
2072 5543
2072 8185
2072 2285
2074 5329
2074 6003
2074 6317
2075 7417
2076 7207
2077 7796
2078 3448
2079 2243
2079 4694
2080 3230
2080 8735
2081 7814
2081 6235
2081 2908
2083 8100
2083 5788
2086 8049
2086 3363
2086 7636
2086 5975
2087 7049
2089 2369
2089 5845
2089 3818
2090 4607
2091 4498
2091 8693
2091 2470
2091 2296
2091 3722
2091 2540
2092 5445
2093 9843
2093 2249
2093 3694
2095 2871
2095 7887
2097 3188
2097 6037
2099 4253
2101 3972
2102 2642
2102 7538
2102 2997
2103 2367
2104 4771
2104 2910
2105 7651
2108 6480
2108 2644
2109 9553
2110 2802
2110 3429
2110 7081
2112 5645
2113 5555
2113 3588
2113 3301
2113 7686
2114 4321
2114 3837
2115 9128
2116 3200
2116 4370
2116 5012
2116 8154
2117 7162
2118 3318
2118 3063
2119 2705
2119 4804
2119 9462
2119 3847
2119 8279
2119 3884
2119 4653
2119 3647
2120 7850
2123 4044
2126 6028
2127 2692
2127 3175
2127 3019
2127 3883
2127 2940
2128 3254
2128 7645
2129 9110
2129 2313
2130 2307
2130 9243
2133 8630
2134 3391
2135 6147
2135 8743
2137 7243
2138 7751
2139 2521
2139 3532
2140 4065
2140 2244
2140 6884
2140 2971
2142 2890
2142 4619
2142 2316
2142 3839
2143 8334
2146 2595
2146 9524
2146 6345
2146 5869
2148 2520
2149 4228
2150 2232
2151 7616
2151 8256
2151 2396
2151 3805
2152 7120
2152 3526
2152 2439
2153 9527
2153 5709
2153 3022
2154 8201
2156 4341
2157 9976
2159 2392
2159 6216
2160 7936
2162 6188
2163 6016
2163 3313
2163 6509
2163 2286
2163 2974
2165 8565
2166 3705
2168 3603
2169 6402
2169 2341
2169 2175
2170 7765
2171 3819
2171 7068
2171 9086
2172 2835
2174 9845
2174 2199
2175 3426
2175 4861
2176 5697
2176 3534
2179 2226
2179 4146
2179 3181
2180 9685
2180 8575
2182 4243
2183 2202
2184 8616
2185 6176
2185 5971
2187 2758
2189 6165
2189 5833
2189 6298
2190 3134
2192 3393
2193 2395
2193 5486
2195 4678
2195 6184
2197 8389
2197 2265
2197 2555
2197 3807
2198 6610
2198 2806
2199 2723
2199 5285
2199 3560
2199 7626
2199 3531
2202 2468
2203 2272
2203 5190
2204 3605
2204 3814
2206 6677
2207 9339
2210 3332
2210 4381
2212 2935
2213 4563
2213 2854
2213 4749
2215 2553
2215 3723
2216 6880
2216 5011
2217 5417
2218 3136
2218 8674
2218 9816
2219 2882
2219 2565
2219 2550
2219 2505
2220 3573
2220 7925
2221 7829
2221 3927
2222 5062
2222 3304
2223 2915
2223 7157
2223 5532
2225 4769
2225 4806
2225 7403
2226 2386
2226 3963
2227 4704
2227 2228
2227 3364
2228 2519
2228 7225
2229 2965
2229 6123
2229 2413
2229 5133
2230 5618
2230 8953
2230 3868
2230 5740
2230 2479
2231 6424
2232 5176
2234 8657
2234 4587
2234 3311
2235 2656
2235 2801
2235 3322
2236 7917
2237 4322
2237 3758
2238 2816
2238 3208
2239 7073
2239 3330
2239 9218
2240 8372
2243 8336
2243 2274
2243 5364
2243 2986
2243 3931
2245 7364
2246 2385
2246 5608
2246 7692
2247 8088
2247 3087
2248 4103
2248 2363
2248 5020
2249 2949
2249 4793
2249 6238
2249 9486
2250 7520
2250 3764
2250 4215
2251 6387
2252 8183
2252 8424
2253 6850
2255 2928
2258 4258
2259 8709
2260 2804
2260 5877
2260 2406
2261 4648
2261 8367
2264 2787
2265 6285
2266 4707
2266 8900
2266 3177
2267 5851
2268 8762
2268 3179
2268 5326
2268 3951
2268 6991
2269 3001
2269 6138
2270 9857
2270 4687
2272 2482
2274 2984
2275 5885
2276 2996
2276 7018
2276 7775
2277 4488
2278 9387
2279 5601
2280 3488
2281 3287
2281 8295
2282 4661
2282 5770
2284 5627
2285 8989
2287 3394
2287 3838
2288 3176
2288 2795
2288 7355
2289 4562
2290 5942
2290 9535
2291 6426
2292 2561
2293 2358
2293 5865
2294 6211
2294 9013
2294 4413
2294 9119
2295 5388
2296 4166
2299 3305
2299 3981
2300 5084
2300 3101
2301 4549
2302 4858
2302 7386
2302 3262
2303 9822
2304 6276
2306 9335
2307 6385
2307 4874
2308 3274
2308 3326
2309 7293
2310 6740
2310 4939
2310 3789
2311 8551
2312 4481
2312 2404
2312 5068
2312 5551
2319 3959
2320 3885
2321 3153
2321 6789
2322 8581
2322 5498
2323 6947
2323 3060
2323 3660
2324 4577
2324 4811
2324 3182
2325 3521
2326 5888
2327 9897
2327 5389
2328 9479
2329 3285
2330 4188
2331 3916
2332 2516
2335 6132
2335 4863
2336 4337
2336 3671
2336 6664
2336 8778
2337 6851
2338 3867
2339 6620
2339 8925
2340 5337
2341 5649
2341 4738
2341 3142
2342 3355
2343 4584
2345 3579
2346 5835
2347 6033
2347 3796
2348 4080
2348 3561
2348 3706
2349 7510
2349 6936
2349 5421
2350 4868
2350 3772
2352 4713
2352 3388
2352 3695
2353 2533
2354 3104
2354 6162
2354 5267
2357 4112
2357 2897
2357 2681
2358 3991
2358 9895
2358 5423
2359 4566
2364 2612
2364 4060
2365 8753
2365 4327
2366 7041
2369 5070
2370 4113
2370 4393
2371 2914
2371 2803
2371 8150
2371 4424
2371 7592
2373 3899
2374 3160
2375 7908
2375 5703
2376 3782
2377 7463
2378 3093
2379 4004
2379 3607
2379 6104
2380 3144
2380 4825
2381 7753
2382 9733
2382 6714
2383 2926
2384 4988
2384 2559
2385 3041
2385 4440
2385 5192
2385 7694
2387 2607
2388 5730
2388 6697
2389 9605
2390 5505
2392 4333
2393 7094
2394 7117
2394 8798
2397 3860
2397 4679
2397 3373
2398 3449
2398 3898
2398 7212
2399 3292
2400 9242
2400 4765
2400 3806
2400 3982
2401 4051
2401 2886
2401 3085
2402 4950
2403 5095
2404 6985
2405 8946
2406 3096
2406 2698
2406 9916
2406 9615
2407 4252
2407 2429
2407 5117
2409 4301
2410 2581
2410 3215
2411 2436
2411 4412
2411 4446
2413 3042
2413 7723
2414 3869
2415 3667
2415 4759
2416 3892
2416 3157
2418 2796
2419 5296
2419 4418
2419 8983
2420 3170
2420 5826
2420 6370
2421 3708
2423 7677
2424 6563
2424 3013
2424 3158
2425 3520
2425 9952
2428 7278
2429 5405
2430 6852
2430 2870
2430 2812
2430 2686
2431 9059
2432 2883
2435 8161
2435 2924
2435 4431
2437 2483
2437 4310
2437 2621
2438 5320
2438 5305
2438 9754
2440 3813
2441 4640
2441 6562
2442 3748
2442 6700
2442 7103
2444 3548
2445 4580
2445 4041
2446 2639
2447 2839
2448 3152
2449 2546
2450 7365
2451 7799
2451 5049
2451 8729
2452 3169
2452 3148
2454 7606
2454 4888
2455 3473
2455 3191
2455 3048
2455 5530
2455 7245
2456 7383
2457 6143
2458 2945
2459 3809
2459 5401
2460 7983
2461 2615
2462 2922
2463 3475
2463 4052
2464 6403
2464 8229
2465 6203
2466 5593
2466 9374
2467 4945
2467 9310
2468 9855
2469 4672
2469 6987
2470 2809
2472 5922
2473 3065
2474 2529
2475 5664
2475 7089
2475 9300
2475 5370
2478 3122
2478 3043
2480 3968
2480 6583
2482 5875
2484 6075
2484 2575
2485 2573
2486 3784
2486 2622
2486 8479
2487 3522
2488 4114
2488 3783
2489 8628
2489 4604
2491 5749
2492 2509
2493 8104
2493 8520
2493 3324
2494 5628
2495 6011
2496 3044
2496 7849
2497 3682
2497 2700
2497 3645
2498 3271
2498 4311
2498 9647
2499 7676
2499 5519
2499 9199
2500 2973
2501 2873
2501 2543
2501 6799
2502 9800
2502 9098
2503 7137
2503 4242
2503 5373
2505 8928
2505 6553
2505 2714
2506 8602
2506 5277
2508 5458
2508 4102
2508 2951
2508 3180
2509 4390
2509 4503
2509 4505
2509 3771
2510 6253
2511 3489
2511 3793
2511 6170
2512 2790
2512 6636
2513 3785
2514 4039
2514 5418
2514 3501
2517 8291
2517 5449
2518 4642
2519 2710
2519 6278
2520 6258
2521 3217
2521 3746
2523 4450
2523 4467
2523 7411
2526 4356
2527 5153
2527 5558
2527 7782
2527 6637
2527 7502
2527 2847
2528 3539
2529 4910
2530 3759
2532 3477
2534 6513
2534 3166
2534 4750
2536 7232
2536 7452
2537 4853
2537 2877
2539 5139
2539 5402
2539 3915
2540 3316
2540 8742
2541 5216
2541 5830
2542 8376
2543 5863
2544 4558
2545 4372
2547 7312
2547 4998
2547 3242
2547 4092
2549 7042
2551 5542
2551 9806
2551 9375
2552 8936
2552 4618
2552 9562
2553 7152
2553 3283
2555 3801
2557 5121
2558 3504
2558 3697
2558 4513
2558 6749
2559 4655
2561 9824
2561 7652
2561 6857
2561 8105
2561 3453
2561 6063
2562 7634
2562 5459
2562 3853
2563 5566
2563 2895
2564 2586
2564 7374
2565 5554
2565 7971
2565 6039
2565 2666
2565 8554
2567 3923
2567 8890
2568 8757
2568 7304
2569 8132
2570 2931
2572 8522
2573 3978
2573 6106
2574 6910
2575 6339
2576 3275
2576 7871
2577 9414
2577 8314
2578 3117
2580 8852
2582 3052
2582 6287
2583 6866
2583 4380
2585 3568
2585 4732
2586 3205
2586 4117
2586 6093
2588 3416
2588 6845
2589 3778
2589 4747
2589 2911
2590 4659
2590 3295
2591 3980
2592 2616
2593 2998
2594 3347
2594 6056
2594 4652
2595 5640
2595 3323
2595 3630
2596 3582
2597 4677
2599 7108
2599 9100
2599 6222
2600 2832
2600 7703
2600 4792
2601 3272
2601 7822
2602 3570
2602 9262
2603 6643
2606 4536
2607 5539
2608 5371
2609 4275
2609 2776
2609 6526
2610 7968
2610 6378
2612 4629
2613 2641
2613 5687
2616 3046
2616 4551
2616 5037
2617 5394
2617 4343
2618 4135
2620 5360
2620 4977
2620 3000
2621 8046
2622 5157
2622 9849
2622 8650
2625 3255
2625 3610
2625 5613
2626 5127
2626 6841
2626 5499
2627 3795
2627 7575
2627 4184
2627 3945
2627 8572
2629 6774
2630 2860
2630 9645
2632 4651
2632 7661
2633 5181
2635 6054
2635 6551
2636 4475
2636 3903
2637 9943
2638 6511
2639 6122
2639 5420
2642 3135
2643 3479
2643 7389
2644 4860
2646 8624
2646 6778
2647 6949
2647 7327
2648 7912
2649 2745
2649 8476
2650 8180
2650 2967
2652 9750
2652 3127
2657 4287
2658 6978
2659 8882
2659 5432
2659 5242
2661 4688
2662 3110
2662 8392
2662 3533
2663 2843
2664 2885
2664 7349
2665 4182
2666 7457
2666 9445
2667 2907
2668 6576
2668 2707
2668 8283
2668 8140
2669 3880
2669 5708
2669 3455
2670 4156
2671 8017
2671 3244
2672 5776
2672 4213
2672 3098
2672 4383
2673 6423
2673 5818
2673 3291
2673 7820
2674 8781
2676 3734
2676 3389
2676 4862
2677 3331
2678 2920
2681 5860
2681 4671
2682 4043
2682 8171
2684 7316
2684 3975
2685 8416
2685 2788
2686 3933
2687 2735
2688 5404
2689 4329
2689 7483
2689 9295
2690 9808
2690 6083
2690 5492
2692 7288
2694 4426
2694 3803
2696 6220
2698 9660
2699 7315
2701 2755
2701 4045
2702 6300
2703 2773
2703 3094
2704 7716
2704 8015
2705 9460
2705 5245
2706 8878
2709 8536
2712 5622
2712 7431
2713 7904
2713 6679
2714 4502
2715 3123
2715 5758
2716 5261
2719 3141
2719 8920
2719 4111
2720 6902
2720 4810
2721 3949
2722 6224
2722 8035
2723 4859
2723 9407
2724 8255
2725 8313
2726 5346
2726 9972
2727 7835
2727 3374
2727 6590
2728 9636
2728 7830
2729 5517
2730 6887
2731 3012
2735 5634
2736 5321
2739 5060
2739 9815
2741 7569
2741 9042
2741 4534
2742 3643
2744 2946
2745 8689
2746 6231
2747 8947
2747 3084
2750 7683
2750 7783
2751 9478
2752 3728
2752 7113
2752 5359
2754 4466
2754 4266
2755 5766
2757 8901
2758 2763
2759 7078
2760 3872
2762 7297
2762 2933
2762 3654
2762 6999
2762 3195
2763 4200
2764 5051
2764 8413
2765 7946
2766 7791
2768 8667
2768 3997
2769 8342
2769 3879
2770 8288
2770 2943
2771 5174
2772 6307
2775 4737
2775 2995
2776 5082
2777 3752
2778 7603
2778 7955
2778 5621
2778 5702
2778 7479
2778 5372
2779 3349
2779 5932
2780 4320
2780 6934
2781 5879
2781 3064
2785 5319
2785 7387
2786 3338
2787 4483
2787 8109
2789 6571
2790 3415
2790 8857
2790 4428
2790 9214
2794 6938
2799 2872
2800 6754
2800 4183
2801 3342
2802 8929
2802 3240
2802 7369
2803 9328
2804 7618
2804 3893
2804 3399
2804 8285
2805 6311
2806 4869
2806 8719
2807 4193
2807 6486
2808 3303
2809 4120
2809 7197
2809 3631
2811 9841
2811 4554
2812 6704
2813 5570
2813 5332
2813 4970
2814 3826
2814 7218
2815 7013
2816 4022
2817 8840
2819 5093
2819 9211
2820 6482
2821 7440
2822 3299
2822 4776
2822 3257
2822 5434
2822 4013
2824 4718
2825 6266
2826 4360
2827 6090
2828 5144
2828 6523
2828 3119
2829 4538
2829 4986
2830 3057
2830 6729
2830 9759
2831 7012
2832 3187
2833 7665
2833 7323
2835 6008
2835 7754
2835 6652
2835 3293
2836 4030
2837 3584
2838 6753
2838 8549
2838 6022
2838 3753
2838 3403
2838 4895
2839 5078
2841 5662
2842 4283
2843 7735
2844 3938
2844 4378
2845 5657
2846 7927
2846 9403
2852 4402
2852 3587
2853 9581
2855 2937
2856 7025
2856 3887
2857 7493
2858 5211
2859 7563
2859 3709
2860 5200
2860 3251
2862 3268
2863 3960
2866 5496
2867 7443
2868 7906
2868 5007
2872 3107
2872 6696
2872 3454
2873 7602
2874 9365
2875 4435
2875 5341
2876 9344
2876 3629
2877 4034
2877 9625
2877 4095
2878 7107
2878 6725
2879 3649
2879 9089
2880 6322
2881 5120
2882 2891
2884 5989
2885 8671
2886 4142
2888 4293
2889 9316
2889 4348
2890 4967
2890 3679
2892 6752
2892 8784
2892 9488
2892 7759
2893 3523
2894 5809
2895 5381
2895 8399
2896 4909
2897 6881
2897 8642
2897 4149
2899 8228
2899 4871
2900 4089
2901 9514
2901 8111
2902 5378
2902 5477
2905 6326
2906 7555
2907 6393
2908 6797
2909 3780
2910 3010
2911 4820
2911 2934
2911 6265
2913 8148
2915 8404
2915 3686
2915 4262
2916 3443
2916 3207
2916 5038
2918 9453
2919 7118
2920 7682
2920 4007
2921 6625
2921 9293
2922 3124
2922 4061
2922 3519
2923 7886
2924 5718
2924 9707
2925 5034
2927 5383
2927 7339
2928 4761
2929 6067
2930 8805
2931 4896
2931 3203
2932 8758
2933 3168
2933 3714
2933 8151
2934 3469
2935 8741
2935 8364
2936 8516
2936 5131
2937 9102
2937 4543
2937 8703
2939 8181
2940 3505
2940 5844
2940 9348
2940 7254
2942 9312
2942 7883
2943 5509
2943 8075
2945 3378
2945 4453
2946 7746
2946 6892
2948 6529
2949 7714
2952 7526
2954 3233
2954 4003
2954 5679
2955 8648
2956 5647
2958 3733
2958 6615
2959 5349
2960 4438
2960 8491
2961 5239
2963 3184
2963 3891
2964 7150
2965 3400
2968 4436
2968 5943
2968 5022
2971 3201
2971 7061
2971 4966
2972 6018
2972 3496
2972 7790
2972 4127
2974 4325
2975 8513
2976 6736
2977 5109
2978 5771
2980 5816
2981 8645
2983 9713
2983 6914
2986 4674
2986 4668
2987 8661
2987 3687
2988 9616
2989 8856
2990 4912
2990 5266
2991 5197
2992 6209
2993 4394
2993 9359
2995 8029
2996 3841
2996 3735
2996 7895
2998 4512
2998 6163
2998 4636
3000 9281
3000 7893
3000 5415
3000 3950
3001 5921
3002 3367
3002 3623
3003 6181
3005 8792
3005 9160
3006 8160
3007 3224
3008 8828
3008 9871
3009 3859
3009 6980
3010 6599
3010 3802
3012 3769
3013 7283
3013 8472
3014 4898
3014 4501
3017 6690
3017 7010
3017 3976
3017 7401
3017 3948
3019 5061
3019 7529
3019 8813
3020 8577
3021 4800
3021 4643
3021 3564
3022 6751
3023 3445
3023 7973
3024 7140
3025 7477
3026 5025
3028 4240
3029 5269
3029 9018
3029 4395
3031 5820
3033 6976
3033 7491
3034 7464
3034 3386
3034 7884
3036 3266
3036 7671
3037 5880
3037 8716
3038 3352
3039 7354
3040 3050
3041 7979
3042 5331
3042 5221
3042 6554
3042 7214
3044 3719
3046 7163
3046 7854
3047 5426
3047 4515
3047 3371
3047 3070
3050 3816
3050 5080
3052 5777
3052 3862
3052 9369
3052 7226
3052 5259
3052 3229
3053 5204
3053 4870
3053 3464
3053 5500
3054 7287
3055 8663
3056 7223
3056 7514
3056 8190
3058 8355
3059 9296
3060 4159
3061 7612
3062 3067
3063 7855
3064 4602
3065 6557
3066 8073
3066 8153
3067 6718
3068 5363
3069 5775
3071 6545
3071 8853
3074 4201
3075 4210
3075 3644
3076 9061
3077 9330
3077 3628
3080 8939
3081 7359
3084 3172
3085 8121
3085 6301
3086 3312
3086 7342
3087 6114
3088 6020
3089 3334
3089 8234
3089 9515
3090 7350
3090 3486
3091 4289
3091 8393
3091 9993
3091 3946
3092 6756
3092 8159
3093 4336
3093 3745
3094 5463
3095 6168
3095 6175
3098 3861
3100 6705
3101 8359
3101 8795
3102 6271
3103 5485
3104 7270
3105 4451
3105 5446
3105 7721
3105 3567
3106 3380
3106 4278
3107 4882
3107 4778
3110 3225
3110 4172
3110 6844
3110 5582
3114 7363
3116 5041
3116 9966
3118 6064
3118 6082
3120 4913
3120 3138
3120 3738
3121 3842
3121 4508
3123 3538
3123 4773
3124 9189
3128 3156
3129 4816
3129 4654
3130 7577
3131 4268
3132 3754
3132 8557
3134 8051
3134 3417
3137 6436
3139 4953
3140 7978
3141 8005
3141 5318
3142 9399
3142 6939
3144 7064
3145 6464
3145 3530
3148 6289
3148 6204
3149 3689
3150 4585
3151 3792
3151 3761
3151 6329
3151 4206
3151 8686
3152 6631
3152 4472
3153 6467
3154 6135
3154 7436
3155 7035
3157 9520
3157 4745
3158 4901
3159 4560
3161 4124
3162 4987
3164 5431
3164 8652
3166 8544
3166 3524
3166 6455
3168 8387
3168 6217
3168 5980
3168 4925
3170 9425
3170 8835
3172 6694
3174 4176
3174 5656
3174 5244
3175 5641
3176 8888
3177 7899
3177 5134
3178 3512
3180 8082
3180 5886
3181 7344
3183 7507
3183 7560
3183 8905
3184 5154
3184 4875
3187 8966
3188 4572
3190 9968
3190 5653
3191 6086
3192 3808
3192 5736
3192 3358
3193 9505
3194 8534
3196 4641
3196 6739
3196 3487
3197 6623
3198 8868
3200 4890
3202 7203
3203 5376
3203 3452
3203 6830
3206 5504
3208 3438
3209 4611
3209 6883
3209 5172
3209 4669
3210 8070
3211 9317
3212 9136
3214 7393
3214 6681
3215 6649
3216 4037
3216 8902
3216 5899
3218 3430
3219 4561
3219 6795
3220 4099
3221 7907
3221 3557
3221 7301
3221 4346
3222 7585
3223 4920
3224 5177
3225 3590
3225 8634
3226 9592
3226 5385
3229 7706
3230 3286
3230 8268
3231 8396
3232 5545
3233 4250
3234 8810
3234 3597
3235 4365
3235 8238
3236 8794
3238 3518
3240 7873
3241 4241
3243 6099
3243 9450
3243 3836
3243 4525
3244 3609
3246 5368
3248 6191
3250 3921
3250 3895
3252 4597
3253 6825
3253 5180
3254 4735
3255 5256
3256 6113
3262 6365
3263 8678
3263 3465
3264 4684
3265 5301
3266 7302
3266 9900
3267 5209
3267 9791
3269 7662
3270 4260
3270 4839
3271 7233
3274 9668
3274 4522
3274 3517
3274 8701
3275 3310
3278 3441
3278 5878
3278 5739
3279 6019
3279 6293
3279 3484
3280 4752
3280 3379
3280 7175
3280 7501
3281 6829
3283 3408
3283 9376
3283 3407
3287 6598
3287 3354
3288 5540
3290 4644
3290 4921
3291 6601
3292 5526
3292 9068
3294 4224
3296 4805
3296 5544
3296 9132
3297 3513
3298 4623
3299 5253
3299 8010
3299 7356
3300 4294
3300 6502
3301 5602
3301 4423
3301 6077
3302 8669
3303 7006
3304 4570
3305 4784
3305 5529
3307 3482
3309 6755
3310 5205
3311 7992
3311 3691
3311 9341
3312 5626
3315 8423
3316 9482
3316 3964
3317 3405
3321 7892
3322 4212
3322 4958
3322 9230
3325 3888
3325 3431
3325 4796
3325 6446
3326 3739
3327 8922
3327 3823
3328 7336
3329 7777
3331 8480
3331 6383
3333 4053
3335 5302
3337 4261
3337 4729
3337 8957
3339 4302
3339 4767
3340 6296
3342 7079
3342 3385
3342 4733
3345 7266
3345 5102
3346 5424
3348 7105
3350 5457
3350 3491
3350 3598
3350 6095
3355 4504
3355 4062
3356 3507
3356 3657
3356 3961
3357 3601
3359 8259
3359 5694
3360 7045
3361 4959
3362 7192
3363 4068
3363 3817
3363 4746
3364 4590
3364 3791
3366 5223
3366 5642
3369 3889
3369 5910
3369 5599
3371 4097
3371 4594
3371 4728
3372 5597
3373 9487
3375 6190
3376 8969
3378 7357
3378 4639
3379 3527
3380 6505
3380 8874
3381 9181
3383 6593
3383 7155
3384 5574
3384 5564
3385 6722
3387 3840
3387 3493
3388 4076
3390 7281
3390 4904
3390 7022
3391 6998
3391 3419
3395 6398
3396 4386
3397 5027
3397 3966
3399 6956
3400 3855
3401 6771
3402 9813
3406 5291
3408 4627
3408 3740
3408 3820
3409 4420
3409 6395
3411 5073
3412 3659
3414 6925
3415 8089
3417 5864
3419 4387
3419 7804
3420 8986
3421 6386
3421 4855
3422 5010
3422 7580
3426 7492
3428 4459
3429 3653
3430 5531
3430 8909
3432 3433
3433 3970
3433 4345
3434 4160
3436 4748
3437 4133
3437 5238
3437 9207
3437 3581
3437 7182
3438 6005
3438 4783
3442 3850
3444 4819
3445 8958
3446 4290
3446 4693
3446 5308
3446 7660
3446 7437
3447 8303
3448 6929
3448 3874
3449 4815
3451 6822
3453 4221
3454 7524
3454 7272
3454 4795
3455 4485
3455 4550
3455 4856
3456 7964
3458 7764
3459 7358
3459 9391
3461 7189
3462 4569
3463 4323
3463 4217
3464 3729
3467 3973
3468 4249
3469 5665
3469 7540
3469 5019
3470 4130
3472 5273
3473 6348
3474 3702
3474 3565
3474 4239
3475 3684
3475 7367
3477 4879
3480 6621
3481 4376
3481 7866
3482 4419
3483 5701
3484 5113
3485 9440
3485 3890
3485 4571
3485 5198
3486 3824
3486 7530
3486 5053
3488 4559
3489 5954
3489 4601
3491 8053
3491 8469
3493 9324
3495 7294
3497 9840
3498 3553
3498 4021
3498 6118
3498 6026
3499 3625
3500 8785
3500 3774
3504 5460
3504 9693
3504 6286
3505 6194
3506 3632
3506 5919
3510 8187
3511 7511
3511 9019
3512 8684
3515 4798
3516 9185
3519 8156
3520 9983
3523 8788
3523 9980
3525 7276
3526 6199
3526 5706
3527 8090
3530 8899
3531 6735
3532 4838
3532 6989
3533 3591
3534 3873
3534 6522
3538 5411
3538 4457
3538 4460
3539 6085
3541 4482
3541 5525
3542 5964
3544 4171
3544 8014
3545 8879
3546 9090
3546 4876
3547 9717
3548 5138
3549 4849
3549 5199
3550 6027
3553 9628
3553 9743
3554 4708
3555 6744
3556 4965
3556 4077
3557 4496
3557 6012
3559 5069
3560 7880
3560 4331
3561 5675
3561 4780
3564 4029
3565 5161
3568 9715
3571 4826
3572 6445
3573 7419
3573 7787
3575 4326
3575 7307
3577 5636
3577 6552
3578 7587
3578 8060
3578 4830
3580 5335
3580 9183
3581 7681
3581 6116
3582 6658
3582 6120
3587 7480
3587 4937
3589 9319
3591 5427
3594 9040
3594 6215
3595 6098
3595 3797
3596 4109
3597 9724
3600 5094
3602 3665
3604 3930
3605 5812
3606 6291
3610 6916
3610 6245
3610 7528
3611 7262
3612 4662
3613 4046
3614 7750
3616 4304
3616 7191
3617 3854
3623 8734
3624 7771
3624 4478
3625 4407
3625 4125
3628 4579
3630 8668
3632 3910
3632 6556
3632 4078
3633 7127
3634 4788
3635 4837
3635 6666
3636 8365
3637 6640
3637 9426
3637 4131
3637 7815
3637 9130
3638 8434
3638 9672
3638 4489
3638 4893
3640 6712
3641 6234
3643 7055
3644 5815
3645 5483
3645 6411
3648 5089
3648 8647
3648 5513
3648 7179
3649 8296
3649 8954
3649 7085
3651 9812
3651 7174
3651 7646
3652 9379
3652 6173
3652 8670
3653 7015
3656 8110
3657 4368
3661 4389
3661 5118
3662 4179
3663 7525
3663 8639
3665 9220
3666 6068
3667 8242
3670 4681
3670 7993
3671 4734
3673 5045
3673 4666
3674 8136
3674 5081
3675 4035
3678 4392
3682 5637
3684 5142
3686 8499
3688 9157
3688 5147
3691 7843
3694 8913
3695 8941
3701 8206
3702 5281
3702 9112
3703 7236
3703 7340
3704 7605
3705 6995
3705 9741
3708 4721
3709 7034
3709 7562
3711 9338
3713 6888
3713 5881
3714 7402
3714 5563
3716 9331
3720 5598
3722 5805
3722 5390
3723 4110
3724 8339
3724 5497
3724 5357
3725 6243
3725 4123
3726 5441
3726 6682
3727 6000
3727 4490
3729 4006
3729 4535
3729 5948
3730 8179
3730 8347
3732 5202
3733 5123
3735 5234
3735 7547
3736 4789
3736 6695
3736 4107
3737 5997
3739 4011
3740 4962
3741 4845
3742 9052
3744 6661
3750 8380
3751 5186
3752 6133
3752 3846
3755 9233
3757 5166
3761 4227
3761 4189
3762 5000
3764 3831
3766 4359
3766 4906
3766 5853
3767 5098
3767 8621
3769 4375
3769 9047
3770 8980
3770 5145
3771 3781
3771 6954
3772 6676
3774 5338
3774 5132
3777 7029
3778 4430
3779 5289
3781 9665
3781 6247
3783 9703
3783 6670
3784 5663
3785 7238
3785 7130
3786 8591
3787 9361
3788 7571
3788 4091
3791 4132
3795 3941
3795 4058
3795 4637
3800 5786
3802 3952
3802 5577
3803 6546
3803 9458
3803 4296
3803 4716
3805 8282
3807 6073
3807 5610
3808 5268
3813 9430
3815 5494
3819 7952
3819 7257
3821 4582
3822 7361
3822 6282
3823 6187
3824 6049
3824 7314
3824 6772
3824 4422
3826 4137
3826 5693
3828 9153
3831 5399
3831 5403
3831 8523
3833 7321
3834 9509
3834 5293
3836 8558
3838 5467
3839 8243
3839 8796
3840 6320
3841 8237
3844 9506
3844 4406
3847 5859
3848 9329
3848 7579
3849 7654
3850 7522
3850 6648
3850 4397
3851 4342
3852 6369
3852 3908
3855 6801
3856 5005
3857 5817
3857 8623
3859 4809
3862 9046
3864 5365
3864 5834
3866 3947
3870 5056
3870 5936
3870 4969
3872 9072
3872 7044
3872 5814
3873 5779
3874 5585
3874 7720
3874 8093
3875 5247
3877 3920
3877 4177
3877 9106
3878 4758
3879 6928
3881 8998
3881 6172
3883 4000
3883 4388
3884 4541
3886 5254
3886 5471
3887 9270
3889 8317
3891 5538
3894 4817
3894 6994
3896 8273
3896 4605
3897 5614
3897 7598
3897 5935
3898 9466
3899 5594
3901 6537
3901 4094
3903 8486
3903 9686
3903 4697
3904 4318
3905 4400
3905 7841
3905 7467
3906 4300
3906 6364
3907 8340
3909 6148
3909 8539
3909 6540
3910 8816
3911 4897
3911 5453
3913 9080
3915 9079
3919 3957
3919 8021
3919 6776
3919 5167
3921 7758
3923 9799
3924 5412
3925 9542
3925 7001
3925 6062
3928 4040
3929 5112
3930 6732
3931 3971
3932 6818
3932 7688
3935 5429
3935 5384
3939 9747
3939 6015
3941 4480
3941 8783
3943 8769
3945 5846
3945 6124
3948 8641
3948 4286
3950 4600
3950 5754
3950 4031
3952 6483
3954 6459
3954 4079
3955 7474
3955 9646
3956 8222
3959 4288
3959 4247
3960 4152
3961 6164
3962 7058
3962 9275
3962 9389
3962 9278
3963 5872
3963 5995
3966 4609
3967 9398
3968 5086
3970 4231
3970 7711
3974 7760
3976 5666
3977 8172
3977 7837
3978 7125
3979 4985
3981 8272
3988 4999
3988 4187
3988 7773
3989 7144
3990 8246
3990 8508
3993 5533
3994 4779
3995 4416
3995 4196
3995 9372
3995 4269
3996 4727
3997 5920
3997 4790
3998 4818
4000 5333
4001 4026
4004 6192
4004 7779
4004 4726
4004 4620
4005 8152
4006 5397
4007 4235
4007 5231
4008 6230
4010 7680
4012 6004
4014 4417
4019 8388
4022 7556
4022 8119
4023 9397
4023 4332
4023 5661
4024 4821
4025 4056
4027 7188
4027 4583
4027 6312
4029 9877
4029 4712
4030 7074
4030 5075
4030 6510
4031 9661
4032 7017
4035 8258
4036 6221
4037 4129
4037 6126
4039 6499
4039 4445
4041 8081
4042 5861
4043 9965
4044 8214
4046 9836
4048 5938
4050 4657
4050 5468
4051 5840
4051 6651
4054 9115
4055 5750
4055 5768
4056 9532
4056 5534
4057 7473
4057 7962
4058 9250
4058 8363
4058 7391
4060 9009
4061 8738
4061 5307
4061 5854
4062 5714
4063 6808
4063 7675
4064 9140
4064 5579
4067 6555
4067 4173
4068 5724
4069 5931
4071 4812
4073 6051
4073 6451
4073 7209
4074 8155
4075 8345
4076 4409
4079 9463
4081 5447
4081 6490
4082 9137
4082 6605
4083 6904
4084 8057
4084 4138
4084 5339
4085 7123
4086 4465
4088 5110
4090 9936
4091 4415
4094 8459
4096 6575
4097 4625
4097 7659
4100 5536
4100 6288
4100 5972
4100 6342
4100 4119
4100 7273
4103 9088
4105 4540
4105 5343
4106 7548
4106 4254
4106 9918
4110 8455
4111 4617
4112 5235
4113 6141
4114 5380
4114 4462
4115 7234
4115 4155
4115 8991
4117 6094
4118 5152
4118 8241
4118 5720
4120 4344
4121 8595
4123 6946
4123 5803
4124 8775
4126 4355
4129 7655
4131 6006
4134 5013
4135 4621
4136 6373
4138 8576
4138 7043
4139 6256
4142 7896
4142 6107
4146 4878
4147 8002
4147 9818
4147 6783
4148 5410
4148 9687
4148 4634
4150 6803
4150 5462
4151 5629
4152 8818
4152 4169
4152 7546
4152 9725
4153 4552
4154 9103
4155 4464
4155 6357
4155 7503
4157 8517
4158 4740
4158 5819
4161 9702
4161 8349
4162 5906
4162 4857
4162 5465
4164 5692
4167 8133
4168 8444
4169 6152
4169 6185
4170 8468
4170 9257
4172 8694
4173 7260
4175 7239
4176 6854
4176 4556
4176 6462
4177 8003
4178 4437
4180 8643
4181 9177
4182 5966
4184 5324
4185 9172
4185 6646
4188 8411
4189 4630
4191 4667
4193 6007
4193 9066
4196 9757
4197 8509
4200 5669
4201 7296
4201 8789
4202 5827
4202 5630
4205 6193
4207 8935
4207 4589
4208 8440
4210 9283
4210 4676
4215 6780
4216 4595
4218 6323
4218 4494
4219 4720
4219 7379
4220 8636
4223 5893
4223 4588
4227 4828
4230 8598
4230 4506
4230 8942
4232 6183
4232 7447
4234 5035
4240 9585
4243 8706
4243 9688
4243 5951
4244 6270
4245 5769
4246 7872
4246 4276
4247 5782
4247 5738
4247 7148
4248 5961
4250 5042
4252 4615
4252 7100
4253 6305
4256 5729
4263 9034
4263 8300
4264 7423
4265 6438
4265 6489
4269 4917
4270 7851
4270 4942
4270 5183
4271 4338
4271 9495
4272 8501
4272 6567
4272 4299
4273 4808
4274 9829
4274 4520
4274 5099
4275 6560
4275 7410
4278 9756
4279 6310
4280 6137
4280 4730
4280 9951
4281 4596
4281 4575
4282 5941
4283 6071
4287 5314
4288 7250
4288 7300
4288 8666
4289 7557
4291 4567
4293 9395
4294 6600
4294 8446
4294 7231
4297 6977
4299 6263
4301 5407
4302 4328
4304 7217
4308 6251
4310 7141
4311 6710
4311 6425
4312 4725
4313 6043
4316 5670
4316 5327
4317 9504
4317 4763
4320 4432
4320 4646
4321 5617
4323 9671
4325 5265
4327 6516
4328 4700
4329 9332
4330 5222
4330 9517
4333 7594
4336 6272
4339 4532
4340 5185
4340 9158
4340 5576
4342 5210
4343 5606
4345 7408
4345 7619
4349 7241
4349 6332
4351 9832
4354 5907
4358 5651
4359 6202
4361 5135
4362 7222
4365 6889
4366 6354
4367 7730
4369 6400
4370 7809
4370 8210
4370 6843
4371 5680
4373 6151
4373 4524
4375 9937
4376 8626
4376 6616
4377 5228
4378 5316
4378 4926
4380 8311
4380 6922
4380 7803
4381 6518
4381 6335
4384 9003
4386 6268
4389 8422
4389 5032
4389 6568
4389 5455
4392 5208
4393 6577
4394 6356
4394 7256
4395 7090
4396 4695
4396 4717
4398 4754
4399 6087
4400 9745
4401 7202
4402 7088
4402 9994
4402 6428
4402 9228
4403 8914
4404 7121
4404 6359
4409 7178
4410 7743
4414 7424
4414 7146
4415 7935
4416 6452
4417 4822
4418 7808
4419 8239
4420 6210
4421 5395
4423 5249
4424 8907
4424 5375
4425 7541
4426 5312
4426 5304
4428 8618
4429 4599
4429 5033
4432 9473
4433 7360
4437 7104
4439 9053
4441 9904
4445 7632
4450 5952
4450 6791
4451 4972
4452 4714
4453 7527
4453 9357
4454 6034
4456 4832
4456 8045
4456 6815
4457 5024
4457 9146
4458 8829
4459 4514
4461 8031
4462 7031
4464 7921
4468 5700
4469 6360
4470 5537
4470 8289
4470 8502
4470 9082
4473 4918
4473 6454
4474 8465
4474 9188
4474 5773
4475 6627
4476 5398
4477 5039
4479 5671
4481 9770
4482 8290
4483 9588
4483 7948
4488 7285
4490 5939
4490 5451
4492 5237
4493 5515
4493 9149
4494 7380
4495 4500
4498 8327
4499 5590
4501 4544
4501 5088
4501 6127
4502 8449
4503 4886
4504 4775
4505 4565
4507 7418
4514 8182
4516 7177
4517 9315
4517 6381
4518 6295
4518 6632
4518 5006
4523 6252
4527 4689
4528 7347
4529 6440
4529 5323
4530 6580
4531 6001
4532 5678
4535 5151
4539 5218
4540 8281
4542 4691
4545 6512
4545 4834
4548 5169
4549 7119
4550 6284
4554 4608
4554 7944
4554 8138
4554 6558
4555 5575
4560 7488
4560 5884
4562 4702
4563 5079
4564 6201
4564 6875
4569 4873
4570 5280
4570 5164
4574 6195
4574 6579
4577 5930
4578 9120
4578 4766
4580 6720
4580 7718
4580 7639
4582 5282
4584 9991
4586 8580
4586 8249
4586 8620
4587 7536
4589 8590
4590 6688
4590 9837
4591 6213
4593 5900
4595 5633
4598 8993
4600 4802
4600 8146
4600 4664
4604 6864
4604 5685
4606 9483
4612 7016
4613 9732
4614 5170
4614 7832
4616 7324
4616 8302
4618 7372
4622 4756
4622 5686
4628 9564
4632 5842
4632 7543
4633 8548
4634 5874
4635 8102
4635 8441
4636 4940
4636 9838
4638 9790
4640 6807
4640 6239
4641 8597
4641 6973
4642 4907
4646 9650
4646 6302
4648 4743
4649 8627
4650 9860
4650 7461
4650 7996
4651 8115
4652 8086
4652 6715
4653 5409
4655 5592
4655 9612
4659 6242
4659 4933
4661 6388
4661 7451
4662 7185
4662 5047
4664 6541
4666 4963
4666 9804
4667 8084
4667 5287
4669 7219
4670 5970
4671 7772
4672 9017
4673 4984
4675 5067
4677 8725
4678 5707
4678 9131
4678 4844
4681 5184
4683 5063
4683 5915
4684 5233
4690 5639
4694 4973
4695 8569
4695 4782
4697 9433
4697 7230
4699 7670
4699 8695
4701 7173
4702 9823
4703 9946
4704 9674
4704 9246
4706 6059
4707 5059
4707 8492
4708 7438
4710 6144
4710 7588
4712 9844
4712 6379
4714 6128
4714 4851
4714 6485
4716 5521
4716 6196
4716 6303
4717 5345
4721 5511
4726 8192
4728 4983
4730 6169
4731 8562
4731 9401
4732 9050
4735 6960
4735 5587
4737 6549
4737 8221
4739 5076
4740 6406
4740 9388
4742 7072
4744 5232
4746 4791
4747 5625
4751 5481
4751 6153
4752 5568
4753 5698
4754 5160
4755 6469
4755 5126
4755 4824
4757 5124
4759 4833
4763 8651
4766 7518
4768 8032
4769 7982
4771 8662
4773 9590
4773 8926
4773 9326
4774 5393
4777 6283
4783 6429
4786 8698
4787 6396
4789 5119
4790 5017
4791 8886
4792 7816
4792 7497
4793 6769
4796 8682
4798 8999
4803 6488
4805 5926
4808 5876
4809 9287
4814 6249
4818 7428
4819 8497
4825 6119
4826 5991
4827 5050
4828 9420
4829 5557
4829 9978
4830 8541
4831 5925
4834 5440
4835 9546
4836 5850
4837 6607
4843 5322
4845 8354
4848 9608
4848 6460
4849 5115
4851 5897
4853 5189
4855 9547
4857 6970
4860 5344
4862 8564
4862 7929
4864 8165
4865 6569
4865 9501
4866 7939
4867 5493
4867 4902
4867 5962
4868 5400
4870 5963
4871 9521
4871 8589
4874 6909
4878 7558
4878 8294
4880 6609
4880 7169
4883 5924
4883 7628
4884 6972
4886 5466
4887 6613
4887 5224
4888 5790
4889 6630
4890 7235
4892 5965
4896 6079
4897 9424
4898 7433
4899 6448
4899 6031
4901 6092
4902 6675
4902 9556
4902 8027
4902 5998
4904 5083
4906 6617
4906 8297
4907 8375
4908 5695
4910 5612
4911 5798
4912 8505
4913 8131
4916 8453
4916 5495
4917 5272
4917 6701
4918 7308
4921 6524
4924 5442
4925 8193
4925 6149
4927 5490
4928 6397
4931 5206
4931 7020
4931 6958
4932 8231
4933 6002
4934 9540
4935 5173
4936 5905
4938 8158
4939 4980
4941 8871
4941 6376
4942 6641
4943 9235
4944 6197
4947 6456
4949 8058
4950 9114
4951 5615
4953 6236
4957 6727
4959 5586
4960 5689
4960 6764
4962 6706
4963 7420
4965 7052
4966 5895
4967 7138
4967 6950
4967 5981
4969 5342
4970 7942
4970 6367
4972 7128
4974 6246
4978 7414
4978 6606
4980 6533
4981 6484
4984 5262
4985 8495
4989 6227
4989 9768
4990 7026
4993 9302
4993 5911
4994 9744
4994 6604
4997 5808
4997 6232
4998 9889
4998 6591
4999 9415
5000 9221
5002 9606
5006 6450
5006 8098
5007 9666
5009 5476
5009 6040
5012 6178
5014 8232
5014 5469
5015 6750
5017 5150
5018 5311
5020 8860
5021 8510
5024 7860
5026 5111
5026 5448
5028 7096
5029 6257
5030 5616
5031 6491
5033 5960
5034 6878
5040 6308
5040 8574
5040 9502
5042 5654
5043 5978
5045 9443
5045 6494
5048 5928
5050 5774
5057 6709
5057 9663
5058 7509
5061 5382
5062 6214
5062 7063
5062 9835
5063 5866
5064 6208
5064 6189
5066 5137
5067 5712
5067 8050
5068 6233
5068 6779
5069 8352
5069 6775
5069 5178
5069 8780
5071 5760
5071 5396
5071 7005
5073 6855
5077 9597
5079 5813
5080 9610
5081 6327
5085 9134
5087 6316
5088 7958
5088 6014
5089 6869
5089 6669
5089 5182
5092 7664
5098 6870
5100 6868
5102 7877
5102 5263
5103 7275
5104 9689
5108 6773
5109 9890
5109 6836
5110 8560
5110 6602
5112 9306
5112 7838
5116 6506
5117 5354
5119 5377
5120 9147
5120 7310
5121 5646
5123 8688
5123 7292
5124 6495
5126 5220
5126 5839
5127 7708
5128 7793
5132 6070
5137 5171
5137 7205
5141 9922
5142 5945
5142 9438
5143 8019
5143 6479
5144 9465
5144 6346
5147 7786
5150 7663
5151 8040
5152 9987
5152 8777
5154 6777
5155 5829
5156 7953
5159 9748
5159 5435
5159 6207
5159 6927
5162 7412
5162 8932
5162 9988
5164 5450
5165 8680
5169 5243
5171 5430
5177 6465
5180 7757
5183 5772
5184 7586
5185 9709
5186 5857
5187 8225
5188 8496
5188 8638
5189 8713
5191 6528
5194 6415
5197 6660
5199 7701
5199 5565
5200 5230
5204 9113
5208 6565
5209 5797
5210 7745
5211 7863
5216 5793
5217 7098
5221 5309
5223 6374
5226 9039
5230 6817
5231 5713
5231 6747
5231 9451
5231 7980
5231 7325
5232 8000
5233 7647
5234 5934
5236 7876
5237 6517
5237 8078
5241 9060
5241 7404
5242 6707
5246 9742
5247 6672
5249 9427
5250 5413
5251 6337
5251 5278
5252 6140
5252 9309
5253 6765
5254 6759
5254 8205
5256 6171
5262 9266
5262 6198
5263 8615
5264 7813
5265 9519
5267 7320
5269 5674
5269 6156
5271 9284
5272 6331
5274 7607
5275 9930
5277 8016
5277 8533
5277 9769
5277 6507
5280 8849
5281 8129
5281 5334
5284 6698
5285 5837
5291 7047
5291 5914
5293 5716
5294 9711
5295 8280
5303 7190
5305 5567
5306 9537
5307 8859
5309 6032
5309 9942
5311 9536
5311 6159
5312 8917
5313 6076
5314 8022
5315 8607
5317 7193
5318 7641
5320 9274
5321 8619
5324 8834
5327 8177
5327 6979
5330 5725
5330 5901
5332 5348
5333 9777
5336 7767
5337 9151
5338 7481
5345 5527
5346 6532
5347 6813
5348 5541
5348 6926
5349 8456
5350 6730
5350 8271
5351 6321
5354 6080
5355 5667
5355 8870
5357 6955
5358 9289
5359 9500
5360 9723
5365 6859
5367 5552
5367 6746
5368 6058
5368 6045
5370 5561
5371 8726
5372 8369
5372 7023
5375 6042
5376 7465
5378 5748
5379 7050
5382 5937
5386 5391
5387 8191
5389 6250
5390 9142
5392 8931
5393 7974
5394 8836
5397 7879
5398 7840
5398 9099
5402 5673
5402 9917
5405 8020
5405 6847
5408 9340
5409 5870
5410 9888
5410 6036
5410 9854
5411 9178
5411 5999
5417 6109
5418 7075
5418 9863
5419 9394
5419 5619
5419 9118
5420 6873
5422 9710
5425 6441
5434 9657
5435 6131
5437 8330
5439 6915
5441 6726
5443 6134
5446 5516
5451 6728
5451 7097
5458 5676
5460 6903
5460 8553
5461 7208
5463 8585
5465 8039
5469 5600
5470 7176
5471 7897
5473 9492
5473 9989
5475 9738
5476 8451
5479 6041
5486 5746
5488 5781
5490 5528
5490 6891
5490 7135
5492 8919
5493 9404
5494 6290
5495 9085
5496 7635
5498 8370
5503 7495
5505 6680
5506 7405
5511 5778
5511 8009
5511 9577
5513 9530
5515 7695
5516 9670
5519 9062
5519 7255
5519 8458
5519 6333
5519 5855
5520 9186
5520 6101
5521 7621
5526 9216
5528 7444
5528 7679
5531 6261
5531 7484
5532 8299
5533 8326
5533 7613
5536 6371
5539 5589
5540 8113
5541 6218
5543 9156
5544 7195
5545 7552
5554 9261
5555 6355
5555 9125
5555 8556
5557 8064
5557 8477
5559 8711
5559 6861
5561 7446
5561 9291
5562 6314
5567 6823
5568 6498
5570 8737
5574 9776
5577 7845
5577 5976
5578 6125
5579 7642
5580 6981
5583 5993
5585 9327
5590 8054
5591 8728
5592 6390
5593 9027
5595 5956
5596 7008
5596 6626
5602 9470
5603 5644
5604 6519
5604 7083
5606 5908
5608 6547
5609 6344
5611 6592
5612 7258
5612 7903
5614 8011
5617 9163
5617 9982
5618 7740
5619 6937
5623 8467
5624 9075
5624 7561
5625 8092
5628 6503
5631 8974
5632 7748
5632 7532
5635 6458
5640 7082
5641 8850
5643 8448
5645 8740
5645 9035
5651 8379
5653 6656
5656 8691
5659 6319
5661 8383
5662 6536
5664 6304
5666 7382
5668 9410
5669 9238
5669 7596
5670 7601
5671 9037
5672 9217
5674 8144
5676 7070
5677 8707
5677 5871
5678 8097
5678 9604
5679 6581
5680 6431
5681 5732
5684 6531
5686 6439
5687 8702
5688 9508
5688 6315
5690 6530
5691 8892
5693 9512
5697 6824
5699 7486
5703 7378
5703 6628
5704 7180
5706 6110
5714 6961
5715 7870
5716 9805
5717 9030
5717 6860
5721 9418
5729 6377
5732 8308
5733 8240
5734 9834
5735 7030
5738 9786
5740 9239
5740 6760
5742 7204
5743 8474
5743 7116
5747 6527
5749 6443
5750 6584
5760 8625
5763 8861
5763 6831
5763 9071
5766 7396
5768 6794
5769 7471
5770 6024
5771 9288
5774 6826
5776 7213
5777 6665
5782 8613
5782 7819
5783 7848
5786 9619
5786 8766
5788 7515
5789 6951
5793 5933
5794 6410
5796 9586
5798 7932
5799 6380
5800 6811
5804 6392
5804 7065
5805 6935
5805 8506
5806 7038
5809 6899
5811 7924
5814 7252
5816 8316
5818 9673
5822 6668
5822 6463
5824 8270
5832 8227
5836 8450
5838 9764
5842 7291
5844 6129
5848 6737
5850 7697
5850 8351
5851 6918
5853 7583
5856 8128
5859 7468
5861 6723
5861 9111
5863 5987
5863 6255
5868 6685
5868 7455
5870 8407
5871 9485
5872 7186
5872 7450
5874 6896
5876 7704
5880 7268
5880 9276
5881 8677
5881 8745
5884 9529
5886 6294
5886 6974
5889 6570
5894 8801
5894 6708
5896 9716
5901 7156
5901 6933
5901 7237
5901 5996
5901 6943
5907 9545
5909 8337
5909 7102
5912 7432
5915 7445
5917 8430
5920 6017
5920 5988
5920 8518
5927 6514
5928 6048
5930 6275
5930 6248
5937 6241
5938 6186
5939 8803
5939 8970
5942 8312
5946 6226
5948 8895
5950 8543
5951 8839
5952 7143
5954 8462
5955 7007
5957 6865
5958 7136
5959 7731
5960 7770
5960 7039
5962 6182
5963 9227
5973 6309
5977 7640
5980 9548
5983 8968
5983 6366
5984 6449
5984 6886
5987 9469
5989 7833
5990 7264
5996 8293
5997 7134
5998 8887
5999 6009
5999 9962
6005 9681
6006 7429
6008 7295
6009 6784
6011 7749
6011 8727
6014 6066
6016 8304
6018 7421
6018 9038
6019 8320
6019 8043
6026 8962
6026 6647
6029 9701
6031 6347
6031 9565
6033 8034
6039 8910
6042 6619
6043 8500
6046 9632
6050 7394
6051 6352
6056 7456
6056 9175
6058 6427
6060 6638
6061 9455
6066 8114
6066 6264
6067 6497
6068 6430
6070 8219
6071 6758
6072 8385
6072 6713
6072 9627
6075 9222
6076 8331
6077 9919
6082 8037
6082 6667
6088 7762
6089 6812
6093 8261
6094 6414
6095 6629
6097 8103
6098 7622
6099 6821
6100 6470
6102 6833
6103 7909
6105 6477
6107 6237
6108 8335
6109 6260
6110 8124
6111 7221
6111 8526
6112 6990
6113 6953
6113 7516
6114 7611
6119 6984
6120 8599
6121 7926
6121 9948
6128 7435
6130 6306
6134 7092
6134 7950
6135 9279
6138 8820
6138 7317
6140 9557
6142 7240
6143 9313
6143 9827
6146 7789
6148 6948
6148 8854
6151 7482
6151 9599
6152 7476
6155 8790
6158 8960
6161 8814
6162 8633
6168 7194
6177 7865
6178 6634
6182 7460
6182 9464
6187 7696
6187 6412
6189 6642
6191 7274
6192 7441
6192 8717
6193 6473
6194 6832
6194 9763
6194 6588
6194 7725
6197 9846
6201 6908
6202 8166
6205 8071
6205 9580
6206 8867
6211 6225
6212 8085
6213 6809
6215 9169
6216 8041
6221 7981
6223 7737
6225 9442
6227 7785
6230 7631
6231 8473
6231 7994
6233 7442
6233 7643
6234 8896
6235 9793
6236 8220
6237 9852
6242 7531
6242 7167
6245 7699
6248 8094
6258 7267
6259 7943
6262 6496
6262 9772
6263 9298
6265 6785
6267 6608
6267 6437
6269 7957
6270 8863
6276 9236
6276 8374
6278 7542
6285 9781
6285 9247
6286 8215
6289 7158
6291 8066
6293 8593
6296 7124
6296 9639
6296 8750
6299 8278
6300 7407
6301 8681
6302 8417
6302 8773
6306 7284
6310 6325
6313 9961
6314 9718
6317 9297
6322 9602
6331 9898
6331 6731
6333 7859
6339 8226
6340 7933
6342 7949
6346 8876
6346 6671
6347 8489
6348 6419
6349 7508
6349 7591
6355 7345
6355 7106
6358 7882
6366 8748
6368 9318
6372 6582
6374 8817
6374 8755
6375 9456
6378 7448
6381 8224
6384 7712
6384 6931
6387 9311
6389 7160
6390 7147
6391 8705
6393 8570
6396 6901
6397 9920
6398 8007
6398 6457
6400 6800
6410 9195
6417 6781
6419 9124
6421 8756
6421 9933
6423 8112
6425 7171
6430 9929
6431 8318
6435 8275
6436 9875
6443 8067
6444 6548
6447 7856
6448 7183
6457 8145
6457 6806
6458 8141
6459 9629
6460 7400
6462 6757
6462 8885
6468 6997
6472 7573
6477 7165
6478 8346
6480 9154
6483 6940
6486 6614
6489 9036
6497 6741
6497 8665
6505 8418
6506 7333
6507 6814
6509 8821
6509 8186
6510 7648
6512 7726
6517 9830
6518 9150
6519 8675
6523 9761
6523 7687
6530 8230
6532 8199
6533 8101
6535 7111
6535 7453
6536 7246
6540 8951
6541 7332
6542 8563
6545 8394
6550 8955
6558 7309
6559 8403
6566 8696
6569 7318
6570 8461
6571 7570
6571 8538
6571 7004
6580 6945
6580 8676
6581 8123
6584 9409
6584 8301
6586 6839
6586 7416
6591 9872
6592 9680
6594 8746
6595 8001
6595 7247
6596 9334
6596 7916
6597 8460
6599 8038
6600 7801
6603 6805
6605 9162
6606 6856
6612 6930
6612 9879
6615 7248
6615 7784
6618 9043
6619 8959
6620 7709
6622 7597
6629 8457
6631 9024
6636 8315
6639 9202
6639 7644
6640 6692
6641 8487
6642 6790
6644 7472
6644 6742
6644 9720
6645 6863
6645 8127
6652 7115
6652 7259
6653 9011
6657 9480
6657 9690
6659 8808
6659 9503
6667 7133
6669 9145
6670 7763
6670 9231
6671 8309
6675 9229
6677 8168
6679 7112
6682 8223
6687 7817
6694 7215
6697 9555
6698 7459
6698 9869
6705 6897
6715 9997
6718 7093
6718 9559
6718 9055
6720 6768
6720 8721
6720 9165
6721 7139
6722 9198
6723 9373
6725 6862
6734 9058
6737 8265
6743 8763
6746 9074
6748 8321
6749 8264
6753 7795
6758 7623
6758 9692
6759 9057
6759 9428
6761 7691
6762 7166
6766 8178
6767 9268
6768 7984
6768 9303
6769 7071
6769 8463
6770 8690
6771 6912
6771 9749
6772 8826
6777 9352
6778 8898
6781 7251
6782 6986
6784 6975
6786 7827
6786 9123
6786 8894
6790 7572
6791 9778
6793 9810
6795 6988
6796 8454
6797 7033
6797 9337
6798 7836
6799 7824
6806 9277
6808 9432
6809 8196
6810 8610
6811 6969
6814 7539
6818 9953
6823 7657
6825 9785
6826 9591
6834 9568
6835 8692
6835 7341
6836 8945
6836 8507
6838 6921
6847 9286
6847 9655
6854 7811
6855 7430
6855 9870
6858 9363
6858 7930
6859 9600
6861 8139
6863 9301
6864 7889
6864 8061
6865 7717
6869 7032
6877 7322
6889 9489
6889 8875
6896 7224
6903 9457
6903 9323
6906 7470
6908 9282
6910 8276
6910 8772
6913 7698
6916 8527
6917 7172
6918 8535
6925 7582
6927 8406
6936 8679
6949 8047
6950 8135
6955 8832
6958 8976
6962 7637
6967 7109
6967 7210
6968 8163
6969 9069
6969 9901
6971 9795
6973 7988
6976 9182
6977 8333
6979 9809
6986 7370
6987 7011
6987 9251
6987 7574
6992 7891
6992 7348
6998 7425
6999 9408
7004 8202
7005 7705
7011 8292
7011 9531
7011 8429
7012 9356
7020 9252
7025 8207
7027 7985
7030 8044
7035 7253
7036 7568
7036 8897
7038 7051
7040 7913
7040 8217
7046 7888
7046 7951
7057 7505
7058 7724
7058 9454
7059 8028
7060 7564
7062 8360
7062 9354
7064 9484
7074 9753
7075 9935
7076 9144
7076 9563
7078 7122
7085 9033
7087 7967
7090 8307
7094 9697
7094 7110
7095 8660
7099 8504
7101 7805
7103 8982
7109 8118
7110 9676
7115 7669
7121 7566
7122 7608
7143 7990
7144 8343
7144 8120
7145 8252
7149 9783
7155 8126
7158 8594
7161 9974
7161 7244
7163 7550
7166 9696
7167 9016
7168 8851
7170 9107
7172 9507
7173 8125
7179 8325
7180 7864
7180 9807
7181 8195
7182 9346
7188 9924
7189 8933
7192 8525
7193 9041
7196 7690
7197 7376
7198 9452
7199 8419
7202 7986
7207 8855
7209 9973
7210 9896
7218 7620
7220 8409
7221 9856
7224 8948
7226 8807
7226 7919
7229 7878
7231 7989
7232 7466
7232 7999
7233 7752
7235 9992
7241 8368
7245 9880
7254 8672
7256 9406
7257 8391
7258 7265
7260 8811
7267 7330
7270 9913
7270 9386
7270 9260
7272 8464
7272 7305
7272 8842
7273 7590
7277 9902
7279 7780
7281 7972
7288 8760
7290 7910
7291 8381
7293 8841
7294 7969
7300 8384
7305 9576
7306 7905
7307 9534
7308 9802
7312 8263
7313 8494
7314 7713
7318 8685
7320 8426
7321 9468
7322 8771
7324 9995
7328 9622
7328 9784
7332 8415
7333 7649
7334 9166
7337 9909
7339 9653
7340 9025
7341 8134
7343 9101
7346 7700
7354 8715
7369 9915
7372 9541
7381 8923
7381 9422
7383 9955
7383 9695
7388 8099
7388 7941
7396 8470
7406 9618
7411 8915
7411 8582
7411 8519
7411 9245
7416 8329
7417 8916
7421 8194
7424 8761
7425 9613
7426 9206
7429 9022
7431 8287
7434 9621
7435 7807
7436 9322
7439 7458
7439 9594
7445 9938
7446 7959
7448 8247
7448 7738
7449 7549
7452 9367
7453 9269
7456 7736
7457 8540
7465 9402
7471 9234
7472 7874
7474 7966
7475 9833
7476 7513
7478 8262
7480 9934
7481 8787
7492 9031
7494 9497
7495 8176
7498 8975
7501 8646
7511 8869
7520 7823
7522 8137
7526 8996
7537 8284
7540 9006
7540 8447
7549 8545
7550 8791
7556 8077
7559 8400
7560 9990
7566 8006
7570 8906
7571 9384
7571 9292
7574 8838
7577 9499
7584 8949
7586 8439
7586 9963
7588 9434
7592 8428
7594 9821
7596 9129
7598 8632
7600 8203
7603 9788
7604 7794
7606 8036
7610 7761
7612 9617
7612 8847
7613 9441
7625 9941
7625 7918
7627 9237
7630 9624
7630 9049
7631 8972
7631 8845
7633 9076
7639 9700
7640 9065
7641 9526
7649 7729
7651 8617
7653 8924
7654 9362
7661 8397
7668 8977
7668 8567
7669 8872
7671 8408
7677 9736
7680 8432
7685 9436
7686 8211
7694 7710
7695 7715
7695 9435
7696 7858
7697 8654
7700 8592
7702 9197
7710 9264
7710 9390
7716 9569
7718 9273
7724 9067
7725 9010
7727 9731
7732 9001
7734 9170
7736 8512
7736 7960
7741 8819
7748 8995
7749 8831
7752 9294
7755 7825
7762 9792
7765 7868
7766 9392
7768 9496
7771 9029
7783 9706
7787 8770
7790 9985
7791 8547
7792 8250
7793 9210
7793 9678
7800 8436
7806 9349
7806 9215
7812 8096
7817 8697
7818 9603
7820 8880
7822 8978
7825 7852
7827 9396
7835 8184
7838 9910
7846 8720
7852 7857
7853 8579
7854 9847
7859 8782
7860 9814
7863 8164
7870 9087
7873 9957
7874 9447
7879 9658
7882 9259
7883 8943
7911 9892
7913 9543
7924 8588
7925 7991
7928 8644
7928 8812
7937 9584
7940 8267
7941 9241
7941 8687
7942 8173
7946 9635
7947 9939
7948 8030
7952 8611
7953 7965
7954 8622
7962 8382
7967 9380
7968 8723
7970 9996
7974 9044
7975 8402
7985 8482
7992 8248
7995 8244
7997 8026
7997 9947
8001 8927
8006 9587
8008 8776
8015 8656
8018 8356
8018 8357
8022 9885
8026 8722
8030 9355
8031 8779
8032 8578
8034 9187
8034 8310
8035 8768
8038 9213
8045 8866
8049 9971
8052 9204
8054 8631
8055 8529
8065 8362
8077 9077
8091 8537
8094 9719
8109 9446
8116 9105
8125 9664
8125 8323
8132 9669
8134 9280
8137 9290
8148 9449
8149 8269
8159 9623
8173 8937
8175 9654
8176 8390
8179 9448
8180 9121
8180 9143
8191 9516
8192 9651
8194 9205
8235 9811
8239 8608
8247 8884
8258 9351
8271 9911
8274 8452
8279 8483
8281 8730
8285 9859
8307 9698
8310 9212
8313 9475
8316 8987
8317 9848
8319 9073
8347 8637
8351 9649
8353 9368
8356 8800
8358 8511
8361 9734
8364 9201
8370 8736
8375 8952
8393 9914
8397 8731
8399 9021
8405 9760
8406 9155
8409 9194
8412 9549
8413 9525
8413 9677
8415 8484
8421 9643
8422 9203
8435 9004
8437 9333
8446 9958
8453 9589
8463 8862
8466 9634
8483 9819
8486 9884
8516 9299
8524 8542
8527 8918
8529 9364
8548 9867
8560 8700
8566 9141
8569 9208
8578 9642
8594 8956
8600 9798
8600 8985
8606 8658
8608 8739
8612 8799
8614 9176
8616 9925
8616 9070
8620 9704
8638 9091
8640 9167
8654 9876
8657 9159
8660 9573
8669 8837
8678 9959
8682 9644
8683 9081
8687 9714
8690 9314
8692 8764
8695 8994
8703 8979
8705 9133
8705 9853
8712 9905
8745 9967
8748 9881
8754 8804
8756 8889
8772 9096
8774 9954
8775 9721
8777 9940
8780 9308
8784 9092
8784 9903
8810 8997
8830 9491
8833 9012
8834 9712
8842 9752
8845 9551
8846 9641
8846 9882
8876 9439
8879 9481
8880 9393
8883 8891
8888 9866
8899 9471
8900 9056
8901 9609
8903 9224
8904 9256
8908 9271
8914 9366
8915 9554
8921 9566
8936 9927
8947 8984
8947 9694
8970 9122
8973 9518
8978 9191
8997 9320
9000 9078
9012 9045
9031 9429
9034 9579
9049 9865
9057 9571
9057 9558
9059 9826
9087 9253
9097 9148
9101 9533
9133 9878
9138 9782
9140 9544
9141 9728
9142 9184
9148 9626
9157 9614
9166 9347
9172 9873
9185 9459
9208 9240
9212 9746
9227 9528
9233 9265
9238 9467
9280 9944
9303 9461
9310 9371
9312 9970
9317 9874
9348 9999
9370 9722
9381 9699
9402 9708
9453 9691
9476 9582
9498 9656
9537 9851
9556 9945
9557 9981
9563 9739
9567 9596
9580 9975
9591 9926
9620 9912
9693 9986
9716 9727
9725 9789
9740 9796
9774 9801
