10000
0 1
0 17
0 2897
0 2
0 3
0 6
0 407
0 1255
0 12
1 33
1 386
1 4
1 5
1 9
1 41
1 778
1 2922
1 11
1 13
1 7853
1 377
2 176
2 167
3 211
3 1012
3 101
3 152
3 779
3 15
4 225
4 110
4 830
4 79
4 303
5 18
5 7543
5 137
5 313
6 19
6 7
6 8
6 776
6 42
6 28
6 45
7 1731
7 1413
7 22
7 438
7 10
7 602
7 315
7 2014
8 2453
8 3541
8 7190
8 343
8 56
8 747
8 1372
8 1150
8 1598
8 4222
9 49
9 85
9 104
9 360
9 939
9 540
9 5391
10 16
10 259
10 119
10 59
10 4205
11 7121
11 5507
11 20
11 214
11 2473
11 250
11 3612
11 14
12 4802
12 134
12 135
12 535
12 887
12 1437
12 3854
13 5313
13 98
13 754
13 122
14 128
14 912
14 51
14 230
14 88
14 6344
14 2985
14 715
14 4748
14 29
15 324
15 232
15 1081
15 4793
16 258
16 99
16 53
16 69
16 23
16 30
17 144
17 2753
17 646
17 8506
17 1387
17 46
17 1662
17 8686
18 306
18 1818
18 1355
18 31
19 3728
19 84
19 516
19 21
19 24
19 539
19 140
19 142
20 288
20 2531
20 3653
20 281
20 26
20 43
21 38
21 54
21 246
21 935
21 2456
21 5675
21 61
22 576
22 65
22 34
22 35
22 3190
22 47
22 591
23 5749
23 390
23 136
23 271
23 4767
24 2545
24 37
24 25
24 75
24 1548
25 482
25 387
25 180
25 27
26 32
26 83
26 553
26 713
26 331
26 1083
26 828
26 382
26 2734
27 52
27 8008
27 93
28 8067
28 4836
28 9701
28 73
28 5161
28 683
28 526
29 156
29 7165
29 3663
30 1863
30 429
31 629
31 168
31 203
31 348
32 48
32 4144
32 7268
32 7621
32 86
32 4966
32 471
32 60
32 1085
33 81
33 4371
33 312
33 4602
34 656
34 50
34 146
34 36
34 165
34 90
34 44
34 237
35 578
35 4708
35 39
35 984
35 652
35 4526
36 327
36 40
36 7407
38 752
38 2657
38 9570
38 107
38 155
38 542
39 437
40 2978
40 103
40 57
40 7453
40 206
41 64
41 2837
41 425
41 7753
41 95
42 1744
42 450
42 6019
42 868
42 916
42 87
42 184
42 58
42 2266
42 861
43 704
43 690
43 408
43 366
44 625
44 9170
44 3381
44 74
44 1149
45 384
45 498
45 147
45 149
45 201
45 445
45 7998
46 261
46 7772
46 62
46 494
46 63
47 336
47 464
47 82
47 1794
47 163
47 116
47 1800
47 730
47 5947
47 253
48 215
48 247
48 124
48 349
48 3885
49 352
49 305
49 4586
50 272
50 3976
50 971
50 4252
51 2288
51 897
51 164
51 2216
51 381
52 865
52 962
52 68
52 677
52 278
52 55
52 5341
53 1474
53 174
53 398
53 6286
54 66
54 130
54 260
54 4228
54 76
55 433
55 1009
55 199
55 2458
55 621
56 3504
56 388
56 2408
56 8828
56 77
57 982
57 120
57 365
58 160
58 1040
58 1552
58 1650
58 1986
58 254
59 80
59 100
59 582
59 1529
59 2681
59 811
59 1067
59 3243
59 3933
59 7069
59 4047
60 1074
60 67
60 105
60 8443
60 207
61 2386
61 3398
61 248
61 1176
62 97
62 977
62 2343
62 376
62 3897
62 1006
63 1024
63 5141
63 9893
63 70
64 1008
64 102
64 1515
64 238
64 399
64 7279
65 8258
65 756
65 245
65 871
65 72
66 71
66 4712
66 185
66 265
66 5882
66 492
66 6014
67 171
67 1420
67 6220
68 7696
68 1378
68 6834
68 825
68 300
68 141
69 1953
69 2838
69 173
70 114
70 564
70 9382
70 9003
70 1663
71 89
71 125
71 4094
72 94
73 113
73 131
73 7557
73 108
73 220
73 1724
73 269
73 943
74 1475
74 1175
74 7837
74 383
74 6079
75 263
75 127
76 2225
76 546
76 1139
76 375
76 1880
76 3308
76 78
76 287
77 4050
77 153
77 266
77 109
77 1710
78 177
78 194
78 1427
78 501
78 310
78 888
78 6200
78 4587
78 1917
79 198
79 91
79 1373
79 7869
80 209
80 106
80 687
81 6100
81 229
81 613
81 844
82 279
82 7689
82 5306
82 318
82 2079
83 226
83 2740
83 5125
83 5638
83 987
83 5982
84 161
84 307
84 1508
84 374
84 169
84 3866
84 699
84 92
84 126
85 405
85 1128
85 617
85 1817
85 700
85 5964
85 3902
85 8990
86 1603
86 183
86 378
86 874
86 2748
87 3426
87 791
87 296
88 4897
88 4034
88 435
88 1077
88 1704
88 335
89 6098
89 998
89 8407
89 524
89 7855
90 112
90 117
91 7416
91 8411
92 96
92 3264
92 657
92 913
92 309
92 869
93 612
93 150
93 5335
93 9710
93 719
94 531
95 529
95 402
95 202
95 6714
95 2187
96 132
96 452
96 773
96 297
96 252
96 222
97 5607
97 316
97 3357
98 1669
98 743
98 3591
98 158
99 208
99 9616
99 241
99 1970
99 8836
99 1897
99 187
99 367
100 1153
100 2694
100 3720
100 665
100 123
100 703
101 6003
101 1910
101 239
102 1761
102 118
102 6598
102 223
103 5041
103 133
103 533
103 2780
104 9988
104 439
104 567
104 157
104 111
104 175
105 193
105 520
105 7561
105 9754
105 413
106 1233
106 1553
106 3192
106 159
107 115
107 166
107 599
107 6759
108 8818
109 178
109 3116
109 623
110 1737
110 794
110 1484
111 289
111 406
111 2024
111 121
111 188
111 3196
111 3388
111 205
111 462
111 4334
112 3489
112 4737
112 210
112 643
112 1027
112 372
112 361
112 3324
113 1328
113 3450
113 1277
114 3863
114 3096
114 1338
114 139
115 129
115 4049
115 242
115 182
115 3978
115 8701
115 143
115 575
116 574
117 961
117 6417
117 7540
117 293
117 1208
117 3466
117 461
117 8525
117 2542
118 256
118 673
118 243
118 9214
119 3905
119 467
119 9412
119 731
119 428
119 2157
120 978
120 1044
120 2856
121 337
121 3089
121 395
122 148
122 1142
122 299
122 1211
123 5984
123 369
123 4721
123 470
123 2248
123 217
124 691
124 755
124 341
124 6262
124 1449
124 3369
124 2349
124 190
125 1192
125 1369
125 475
126 385
126 138
126 509
126 286
126 2622
127 449
127 1811
127 196
127 2696
127 330
128 2244
128 5513
128 891
128 5996
129 401
129 851
129 6152
129 697
129 1117
130 497
130 1099
130 669
130 1422
131 2306
131 195
131 5467
131 333
132 5217
132 154
132 5695
133 594
133 7602
133 362
133 2155
134 7088
134 179
134 294
134 4214
134 151
134 3596
134 2605
134 4157
134 3951
135 1668
135 4871
135 5832
136 1409
136 5653
136 457
136 810
136 1245
136 3199
137 280
137 5880
138 1410
138 3818
139 9813
139 2183
139 9322
139 1707
140 290
140 2439
140 249
140 1642
140 1339
141 1314
141 228
142 6916
142 3703
142 3959
142 3721
142 7999
144 145
144 788
144 4918
144 9431
144 8937
145 626
145 3876
145 4360
145 1994
145 3166
146 192
146 5846
146 4216
146 233
146 5755
146 2253
146 590
146 3630
147 819
147 292
147 4904
147 4409
147 5131
147 2527
148 1473
148 8388
148 2677
148 440
148 6153
148 975
149 7619
149 4964
149 8582
149 231
149 2391
149 1064
149 410
149 618
149 3611
149 1439
150 1010
150 4498
150 276
150 1350
150 3548
151 5078
151 1481
151 9881
151 443
151 923
152 3354
152 219
152 204
152 396
153 5600
153 709
153 344
153 4204
153 221
153 6637
154 465
154 680
155 170
156 5808
156 1154
156 517
156 537
156 1499
157 1651
157 6840
157 1995
157 444
157 1742
158 931
158 1075
158 1061
158 282
158 3627
159 3392
159 907
159 8796
160 353
160 162
160 5461
160 268
160 189
160 4141
161 742
161 2319
162 9936
162 597
162 3509
162 332
163 321
163 181
163 8107
164 273
164 419
164 666
164 172
165 1042
165 4722
165 404
165 614
165 1118
166 1538
166 7603
166 200
166 2730
166 2908
166 255
167 548
167 7285
167 521
167 3321
167 970
168 882
168 7414
168 5831
168 6263
168 284
168 2204
168 815
169 3888
169 5793
169 2084
169 2774
169 1496
169 4330
169 191
171 1298
171 394
171 302
171 463
172 224
172 7249
173 2801
173 8609
173 1095
173 1838
174 8289
174 1218
174 5410
174 3395
174 357
174 1223
174 1303
174 5239
174 5304
174 186
174 959
175 786
175 4082
175 227
175 5381
175 4134
175 1100
175 2109
176 547
176 2547
176 3716
176 3576
176 3881
176 3194
177 650
177 4607
178 216
178 4186
178 557
179 3989
179 6519
179 346
180 2608
180 2001
180 1023
181 1935
182 1869
182 3950
183 608
183 197
183 726
183 777
184 368
184 5264
184 488
184 8761
184 604
184 764
185 1297
185 2172
185 6925
186 992
186 9703
186 3423
187 234
188 1168
188 379
188 5147
188 350
189 9459
189 580
189 3093
189 875
189 622
190 1798
190 1239
190 2441
190 954
190 507
191 2476
191 6157
192 7946
193 1666
193 2724
193 1751
194 9028
194 2377
194 2969
194 1498
194 267
195 416
195 3556
195 1749
195 534
195 1206
195 892
195 397
195 991
196 945
196 1137
196 212
197 1270
197 4135
197 746
198 1108
198 9269
198 2920
198 554
198 2111
199 213
199 342
199 694
199 681
199 1631
199 8495
200 759
200 1209
200 8249
200 317
200 2333
201 2751
202 480
202 3280
202 705
202 5106
202 581
202 2501
202 1574
202 6487
203 1604
203 295
204 6132
204 2166
204 4219
204 1327
205 275
206 1248
206 5009
206 1174
206 236
206 924
207 3846
207 235
208 484
208 2772
208 789
208 1335
208 218
208 717
208 1694
208 1854
209 8243
209 9397
209 2953
209 4779
209 653
209 845
210 4386
210 8983
210 1482
210 5098
210 3805
211 2892
211 9341
212 832
212 487
212 8476
213 448
213 1138
213 485
213 2567
213 7799
213 8458
213 380
213 2700
214 692
214 541
214 957
215 240
215 1442
215 4552
215 1226
216 5705
216 9019
217 5702
217 393
217 6075
218 7332
218 838
218 4071
218 5336
218 4491
219 244
219 358
219 1945
219 477
219 2173
220 3744
220 354
220 6980
220 1290
220 414
221 672
221 1264
221 1795
221 3267
221 421
221 8134
221 2007
222 3511
222 264
222 1164
223 1056
223 418
224 994
224 1634
224 1627
224 7307
225 2871
225 1322
226 340
227 3442
227 1500
227 2094
228 5773
229 689
229 403
229 958
230 257
230 1594
230 1615
231 291
232 400
232 4378
232 1757
233 880
233 902
233 6653
234 515
234 7812
234 1868
234 6141
234 334
235 4657
235 1762
235 2851
235 550
235 2982
235 345
235 314
235 7658
235 5067
235 2686
236 4037
236 283
236 6910
236 415
237 5152
237 737
237 1364
237 412
237 686
238 7536
238 644
238 772
238 8629
238 8859
239 2114
240 5856
240 2418
240 364
240 1821
241 322
241 9398
241 615
241 270
242 6210
242 1237
242 711
242 1388
243 1728
243 3223
243 3128
243 2075
244 8624
244 981
244 796
244 654
245 274
245 693
245 1110
245 476
245 878
245 1182
246 5331
246 2311
246 251
247 311
247 7159
247 427
248 738
248 1493
248 3244
249 1956
249 635
249 510
249 1999
250 434
250 9989
250 262
250 9548
250 8718
251 2688
251 370
251 7890
251 8469
251 568
251 1210
251 974
252 483
252 3955
252 1557
253 3652
253 1193
254 593
254 519
255 876
255 4012
256 9200
256 371
256 1231
257 392
257 1884
258 7968
258 5954
258 277
258 2758
258 633
258 1966
259 528
259 1204
259 2126
259 1983
259 9391
260 1510
260 1881
260 2221
260 3486
260 2207
261 1808
261 787
261 422
261 712
261 522
261 1564
261 3214
262 5986
262 7797
262 5048
262 1375
263 930
263 436
263 3480
263 6008
264 758
264 6103
264 298
264 430
266 389
266 949
266 965
266 951
266 745
266 1291
266 2158
267 2292
268 499
268 3878
268 441
268 2750
270 1715
270 4276
270 5076
271 1249
271 6392
272 1232
272 8480
272 1107
272 2281
272 1546
273 2065
273 1202
273 780
274 1750
274 5142
274 3272
274 329
275 3924
275 3957
276 432
276 560
276 355
276 2570
277 6530
277 7876
277 285
278 512
278 6228
279 849
279 995
279 1429
279 486
279 1130
280 565
280 7960
280 3738
280 8842
281 339
281 8710
281 5047
282 6742
282 7935
283 3498
283 6331
284 513
284 3585
284 326
284 2376
284 525
285 458
285 1068
285 7356
286 642
286 4164
286 5000
286 2409
286 573
287 5605
287 4655
288 7845
288 4982
288 571
288 301
288 5086
289 460
289 4908
290 4128
290 451
290 6900
290 7397
290 1406
291 2164
291 3060
291 6007
291 813
291 1070
292 1664
292 3249
292 1661
293 5058
293 356
293 1273
294 2354
294 1284
294 1400
294 6568
294 985
294 735
295 1312
295 338
295 530
295 3287
295 328
295 347
295 491
295 2924
295 2940
296 3088
296 417
296 2405
296 637
296 1293
297 304
297 4776
297 523
298 320
298 3413
299 3328
300 884
300 1804
300 2735
301 3161
301 1021
301 814
301 4078
302 4376
302 4508
302 941
302 1134
304 308
304 7109
304 5798
304 3847
304 2184
304 5241
304 8138
304 1775
305 5697
305 9926
305 6076
305 351
306 6496
306 7699
306 2199
306 1135
307 2761
307 586
307 5837
308 3553
308 2355
308 468
308 474
309 1732
310 6164
310 6205
311 660
311 423
311 872
311 1918
311 319
311 447
312 4256
312 804
312 551
312 493
312 2942
313 1041
313 323
313 1486
314 753
314 2043
314 799
315 4533
315 3967
316 456
316 1820
317 1073
317 9921
317 2154
318 5876
319 453
319 661
319 6667
320 9121
320 1266
320 473
320 767
321 7218
321 740
321 4757
322 325
322 8441
322 1146
322 411
322 459
322 7229
323 2179
323 5273
323 638
323 7583
324 8752
324 1089
324 8307
324 6391
324 9788
324 2285
325 1812
325 373
325 3238
325 506
325 2317
326 1685
326 4837
326 5802
326 8235
326 7086
326 2447
327 1428
327 2710
327 894
328 2356
328 3063
328 840
328 841
329 8482
329 4853
329 7706
330 918
330 9558
331 848
331 3349
331 4906
331 363
332 5934
333 2128
334 734
335 2609
336 561
336 8171
337 1718
337 2631
337 2795
337 8043
338 4601
339 3856
339 4754
339 489
339 3356
340 2016
340 3617
340 664
340 5610
340 6796
341 1265
341 3910
341 6089
342 532
343 1229
343 2446
344 5506
344 2357
344 538
345 563
345 587
346 2764
346 1597
347 9143
347 490
347 989
348 2865
348 996
348 1254
348 3463
348 424
349 609
349 1509
349 1899
350 7237
350 649
350 1019
351 6643
351 6468
351 1915
352 7829
352 8743
352 1274
352 732
354 7139
354 925
355 466
355 678
355 359
355 760
355 6442
355 4411
356 1309
357 420
357 1045
357 2342
357 5289
357 5083
357 9581
357 5438
358 514
358 9731
358 1494
358 2831
359 624
359 527
360 1555
360 684
361 5447
361 2139
362 1267
362 1285
362 4645
362 2553
363 2051
363 2374
364 2732
365 947
365 5139
365 645
365 598
366 640
366 3422
367 864
367 5634
367 5971
367 6716
368 2714
368 7903
369 1458
369 877
369 1646
370 3729
370 4451
370 3829
370 1814
370 906
370 8715
370 8126
371 5459
371 616
372 592
372 409
372 5007
373 4612
373 806
373 391
373 2360
373 4927
374 2496
374 7283
374 1576
374 1912
374 2105
374 1020
374 702
375 1051
375 2667
375 446
376 4489
376 6489
376 942
377 8571
378 1766
378 7386
378 2475
379 2273
379 1463
379 8472
379 986
380 8308
380 2247
380 606
380 751
381 2592
381 3218
381 9124
381 967
381 999
381 2687
382 4322
382 2699
383 8048
383 431
383 927
384 1360
384 3120
384 481
385 839
385 6074
385 5483
385 1084
387 721
387 596
387 4438
387 9577
387 634
388 1889
388 921
388 1849
388 572
389 7200
390 1972
390 6903
390 7709
391 601
392 1219
392 9156
392 2824
392 3980
392 495
393 1890
393 5859
393 3285
393 2886
393 1466
393 5722
394 765
395 710
396 1714
396 8578
396 7038
397 442
397 3375
398 976
398 1186
399 668
400 1973
400 619
400 2237
400 6303
401 3010
401 803
401 4997
402 469
402 7445
402 8423
402 4232
402 6168
404 1488
404 675
404 6422
405 2156
406 2274
406 7527
406 2249
406 5450
407 454
407 2057
407 859
408 688
408 4962
408 899
409 7569
409 3674
409 588
410 5682
410 1592
410 2873
410 2957
411 8982
412 2452
412 1911
412 7863
413 2325
413 1078
413 472
413 952
413 4858
414 7220
414 3242
414 7594
414 2636
415 2712
415 3224
415 682
415 9182
416 2304
416 3680
416 968
416 2477
416 1342
416 4574
417 1834
417 2298
417 478
418 3408
418 3014
418 1165
419 628
419 1610
419 1276
419 1580
420 948
420 8276
420 9311
421 2132
421 8166
421 6409
421 1547
421 589
421 5789
422 2396
422 5692
422 5167
423 2192
423 920
423 1992
424 426
425 7094
425 2168
425 6428
426 5505
426 7169
426 5940
426 725
426 1242
427 4209
427 5949
428 6337
428 1145
429 3301
429 5977
429 4253
430 4323
430 8073
430 1259
430 9612
431 1938
431 503
432 824
432 5034
432 7467
432 9244
432 7181
433 1607
433 536
434 5240
434 8618
435 5137
435 4559
436 6657
436 674
436 741
437 676
437 889
437 2235
437 639
438 8868
438 1015
438 812
439 706
439 3420
439 6669
439 558
439 6494
440 659
440 4120
440 3774
441 455
441 511
442 2359
442 2903
442 5468
443 1122
443 3635
443 1480
444 2324
444 1353
444 3882
444 4780
445 873
445 9868
446 2241
446 1148
446 1727
447 6443
447 3566
448 2705
448 696
448 556
448 1436
448 3743
449 7269
449 1833
449 2746
449 1596
450 6002
450 1043
450 1653
450 679
450 1079
450 9399
450 3692
451 9540
451 5926
451 504
451 1323
451 1132
451 1470
452 1283
452 4563
452 1177
452 2217
452 543
453 1888
453 6565
453 502
453 8215
453 3182
453 1103
454 544
454 1332
454 3271
454 1340
455 4339
456 4824
456 3886
457 2011
458 928
458 4545
458 2379
459 3827
459 3268
459 2703
460 4043
461 496
461 5350
461 4183
461 1900
461 5790
462 1921
462 1961
462 479
463 2265
463 1162
463 1980
464 774
464 1158
464 3911
464 3912
465 816
465 595
465 842
465 5402
465 1949
466 4086
467 2401
467 1556
468 2802
468 1701
468 4521
468 1311
469 577
469 969
469 4909
470 1112
470 1788
470 4175
471 662
472 1611
472 1180
473 3110
473 3661
475 2050
475 797
476 1872
476 4416
476 1891
476 2552
477 2896
477 2913
478 3178
478 6410
478 4590
479 3379
479 5527
480 7815
480 2264
480 6777
480 4474
480 718
480 4110
481 1361
481 4455
481 763
481 605
482 1203
482 5171
482 505
482 2428
483 2417
483 2482
483 1195
484 2789
484 3397
484 1785
484 620
485 3858
485 632
485 4536
485 5772
486 835
486 1334
486 8038
487 3090
487 8146
487 555
487 6012
487 3645
487 559
488 3232
488 854
488 1686
488 983
488 3966
488 671
489 2033
489 1524
490 545
491 1250
491 2643
491 4313
491 6106
491 3197
492 631
492 2414
493 6129
493 500
493 570
493 3931
494 769
494 1363
494 549
495 2145
495 4676
495 7446
495 5545
496 1799
497 7256
497 5642
498 4192
498 4231
498 6935
499 1504
499 728
500 761
501 1586
501 1315
501 6292
501 1094
501 1447
501 552
501 1240
501 2526
502 2369
502 611
502 4630
502 938
503 584
503 508
503 733
504 4456
505 1741
506 1600
506 3138
506 3353
506 7241
507 1234
508 3889
508 823
508 3003
509 1680
509 4870
509 5672
509 762
509 895
510 6848
510 4397
510 4190
511 3685
511 1033
512 5462
512 8079
513 1296
513 3606
513 4975
514 2628
514 822
514 1641
515 2368
515 1281
515 1587
515 1717
515 518
515 904
516 802
516 5426
516 8535
517 6488
517 6824
518 1053
520 3907
520 663
520 4007
520 1759
521 1184
521 890
521 4622
521 4959
521 6495
522 4893
523 2080
523 1217
523 3788
524 3361
524 818
524 2520
524 858
525 2254
526 600
526 2060
526 783
527 5664
527 3077
527 4683
527 3741
528 6048
529 886
529 1816
529 1593
530 569
530 2137
530 781
530 1038
530 831
531 4517
531 4839
531 2332
532 5056
532 8449
532 1065
532 3465
533 583
533 670
534 3440
534 9436
535 1842
535 3810
535 566
535 3303
535 5783
535 7736
536 3587
536 2309
536 1928
536 3736
536 1034
536 7518
536 5199
537 8338
537 857
537 1097
537 2283
538 6736
538 837
538 1896
540 2784
540 4425
541 8541
542 3419
542 4541
542 607
543 2082
543 579
543 2691
544 562
544 1719
544 6791
544 2943
545 1568
545 817
545 647
546 8129
546 610
546 4882
546 1155
546 1620
546 4998
546 843
546 7565
546 6046
547 950
547 2591
548 723
548 2718
549 6114
549 3891
549 793
549 3740
549 1181
550 2739
550 708
550 2870
550 1304
550 6233
551 3457
551 1000
551 3177
551 826
551 5787
551 1645
552 4718
553 1648
553 5283
553 6517
553 7015
553 1227
554 770
554 5172
554 6283
555 9712
555 2612
555 3445
555 3239
555 9416
555 603
555 5182
556 4907
557 720
557 2256
557 1713
557 9380
557 636
557 3358
558 2387
558 7575
558 6172
558 8190
559 4011
560 7008
560 2580
560 1967
562 3216
562 9829
563 2722
563 2035
563 585
563 3310
564 1377
564 3586
564 1060
564 1781
564 2902
564 1275
564 926
565 1347
565 6901
565 648
565 7500
565 2910
565 2607
566 784
566 1280
566 7776
566 946
566 3637
566 9031
566 1163
568 1017
568 1675
568 2975
569 1865
569 3625
569 829
570 5155
570 2829
570 655
571 1047
572 973
573 919
574 2032
574 807
574 1258
574 2143
575 4944
576 722
576 809
576 6969
578 2402
578 9942
579 1858
579 940
580 3537
580 4178
580 3027
580 5348
580 1096
580 1055
581 4277
581 1143
583 1792
583 1426
583 4244
583 9640
583 1036
583 909
584 1971
584 7208
585 1329
586 800
586 658
586 3000
586 5754
586 685
587 6978
587 630
587 2822
587 8246
588 915
588 4279
589 7827
589 1765
589 4687
589 6943
591 5748
592 6661
592 729
593 4226
593 1063
594 2326
595 3985
595 955
595 1579
595 4591
596 4338
596 792
596 3160
596 651
596 3038
597 8034
597 1407
598 5491
598 724
598 4020
598 1965
598 8799
599 9952
599 1617
599 1253
599 3656
599 2796
600 5568
600 8693
600 716
601 1873
601 9470
601 2063
602 1943
602 744
602 1433
602 1721
603 9443
603 8697
603 6444
604 7221
604 1039
605 2528
605 993
605 3156
606 7430
606 1628
607 1747
608 7216
608 3590
608 3942
608 3930
609 3691
610 1026
610 1930
610 3598
611 914
612 7859
612 6261
612 1366
612 1643
612 5998
613 627
613 2872
614 1201
614 4661
614 695
614 3417
615 2115
615 8457
616 9649
616 8652
617 1523
617 698
617 7883
617 2860
618 9536
618 8594
618 9990
618 1687
618 6264
618 5839
619 1755
619 2573
620 4341
620 808
620 2537
620 8717
621 768
621 1032
621 8986
622 3603
622 2280
623 1683
624 5552
624 7571
624 5244
625 2073
625 5691
625 6542
625 7631
626 8320
626 1478
627 641
627 1031
628 1530
628 893
628 2781
629 2899
629 9207
629 2201
629 8477
629 9229
630 1200
630 4892
631 6096
631 771
631 2261
631 1127
632 1571
632 4069
633 805
634 1979
635 6559
636 2538
637 1991
638 944
638 1111
638 1975
638 3143
639 885
639 2745
639 1483
639 9564
640 896
640 1395
640 870
640 2425
640 5869
641 933
641 1221
641 790
642 1430
643 1826
643 905
643 1514
644 1333
644 5786
645 4609
645 5269
645 3341
646 8363
646 1517
647 1415
648 3386
648 7677
649 2804
649 3733
649 966
649 727
649 1144
649 5613
650 1583
651 707
652 7648
652 4177
652 7270
653 1624
654 7409
654 1251
654 2984
655 4965
655 2936
655 3261
656 1133
657 867
657 1699
657 5941
657 1462
658 749
659 1867
659 1550
660 2433
660 883
660 903
660 4759
660 6311
660 7512
660 667
661 1536
661 2180
661 5501
662 1843
663 2820
663 5814
663 3754
663 1069
664 4561
664 2100
664 782
665 736
665 5843
665 1013
665 7711
666 6320
666 4436
666 4405
667 2755
667 1300
667 9163
667 5021
669 2944
669 3681
669 3753
669 7054
670 6609
670 1479
670 2056
670 1321
671 3213
672 2213
672 7878
672 714
673 1987
674 4102
674 1720
674 3643
674 1037
675 785
675 1028
675 1126
675 2618
675 750
676 3109
676 1214
677 6361
677 879
678 2533
678 2008
678 1098
678 1390
678 2495
679 775
680 2898
681 2322
681 1919
682 2432
682 4659
682 5156
682 2169
682 9309
683 1733
684 9680
684 8949
684 2823
684 8631
684 8909
684 1438
685 2642
685 2635
685 798
685 910
686 980
686 3527
686 9323
687 1336
687 1931
687 3547
687 748
688 1777
688 2395
688 3806
688 3998
688 3279
689 1105
689 2939
690 701
690 2046
691 7601
692 860
693 801
693 1763
693 8526
694 846
695 1492
695 5452
695 3837
696 4688
697 1159
697 1215
697 1647
697 6335
698 1141
698 8109
699 866
699 5962
699 6282
699 3900
699 990
700 9216
700 6181
701 2853
701 1271
701 1518
702 850
702 852
702 855
702 6120
702 972
703 1513
703 8556
704 2770
705 8960
705 2122
705 2783
706 757
706 1030
707 4580
707 1805
708 5254
708 1001
708 1305
708 2220
708 5644
708 863
709 1525
709 1302
709 3742
711 4724
712 6939
713 1506
713 2766
713 5022
714 3185
714 2005
715 2529
715 956
715 2077
716 8745
719 7335
719 5449
720 988
721 2486
721 3782
721 3115
722 1121
723 2841
723 2429
723 7982
723 7391
724 881
724 739
724 3219
725 834
725 4691
725 1113
726 1472
726 8807
727 1059
727 2182
727 1080
727 1801
727 1771
728 1185
728 3975
728 827
729 1272
730 833
730 795
731 8492
731 4749
731 1870
732 1850
732 2159
733 6837
733 2511
735 911
735 1007
736 2134
736 6618
736 1469
737 2313
737 1754
737 8702
738 1988
738 4073
739 3648
740 1088
740 4468
741 7331
741 766
742 4625
742 6227
742 1832
742 1263
742 1343
743 6861
744 836
744 4772
744 2380
744 1501
744 3759
745 1649
745 898
745 997
745 1448
746 1825
746 1522
746 821
746 1222
748 2388
748 6857
748 3851
748 2125
750 7506
750 1398
750 1835
750 1565
751 2963
751 8964
751 5143
751 5196
752 2994
752 1196
753 5551
753 5791
754 1123
756 1432
756 7401
756 1022
757 1925
758 2640
758 1852
758 8860
759 1173
759 6535
759 5257
760 2490
762 3971
762 2539
762 6123
762 2540
763 1489
763 4003
763 820
763 8294
763 4730
764 2720
764 5795
764 9748
764 5482
764 1885
765 4903
765 2044
766 4709
766 4494
766 1087
767 2954
767 6539
768 2052
768 2138
768 2958
769 4193
769 1052
769 4958
770 9119
771 4106
771 6285
771 862
772 1170
772 5445
772 7465
772 1695
773 3084
773 7663
774 1046
774 1288
774 1003
774 2827
775 6294
776 1846
777 7063
777 2025
777 2617
778 1968
778 1735
778 1002
779 2036
779 2123
782 2596
782 3961
782 6190
783 1942
783 1706
784 3174
784 6790
785 4564
785 922
786 2561
786 1692
787 964
787 2167
788 1115
788 1453
788 2557
789 1810
789 1460
789 1844
789 7764
789 2890
791 1521
791 2999
791 7143
791 1289
791 1660
792 3062
792 3895
793 1316
793 1349
793 4781
794 1058
794 1147
795 3584
796 937
796 1167
797 4130
797 1016
798 1676
798 847
798 1151
798 1551
799 7041
800 9313
800 2979
800 5624
801 2887
801 3053
803 2578
803 1621
804 1104
804 2832
804 5229
805 2625
805 8341
805 1101
806 2725
806 4827
806 3918
807 4426
807 7291
807 1534
807 4046
808 4784
808 4716
809 8324
809 4651
810 7548
810 7806
811 1959
811 1131
811 6207
812 9741
813 1716
813 6906
813 1997
813 4414
814 1025
814 3175
814 1848
814 1354
815 7751
815 2312
815 3066
815 1004
815 3614
816 3025
816 3235
816 1191
816 2250
816 1467
816 1005
817 2257
818 4016
818 8094
819 7497
820 4275
820 901
820 4845
821 3476
821 856
821 5181
821 1423
822 853
822 1752
822 7002
822 4639
823 8738
825 2850
825 7794
825 1527
825 3352
825 1116
826 1120
826 1287
826 5434
827 6864
827 2465
827 2460
827 5805
828 1014
828 2038
828 1260
828 1086
828 3022
829 5571
831 1573
831 1797
831 7702
831 3497
831 2990
832 2130
832 2564
832 1595
832 3771
832 5308
833 4242
833 3347
833 1337
833 1962
834 2816
834 1394
834 1299
834 1623
834 3546
835 1904
835 1049
835 1839
836 1160
837 1091
837 6215
837 6121
837 1659
837 8254
838 3186
838 1220
838 2358
838 3338
839 3329
839 1934
840 1446
840 1753
841 1379
841 1076
842 5338
842 2206
843 1451
843 1212
843 7789
843 3807
843 8543
844 5559
844 3723
845 3040
845 2450
845 3707
845 3518
846 2153
846 1450
848 1072
849 2436
849 8749
849 5535
850 960
850 2915
850 1829
850 4568
850 1066
851 3425
851 3651
851 5676
851 7886
851 2399
853 6252
854 2121
855 5970
855 1011
855 9699
855 3412
855 1769
856 908
857 2544
857 1371
857 5917
857 7678
858 4301
859 1238
860 1057
861 2709
861 7161
861 2013
861 1198
862 8422
862 2840
862 1257
863 5059
863 1172
863 8570
863 5902
864 3029
864 2086
864 9129
864 2525
865 8564
865 934
865 8699
866 7107
867 4432
867 7206
867 2875
867 4237
868 1883
868 3019
869 4960
869 8928
869 1252
869 7653
869 1468
870 2469
871 1796
871 6325
871 3814
871 4174
872 2704
872 4868
872 5734
872 1933
872 9501
872 1278
872 3246
873 2210
873 1320
873 1725
874 1760
874 1665
874 5202
874 936
874 9931
874 1629
875 7507
875 7175
875 2382
876 3438
877 4704
877 1071
878 6116
878 5576
878 6968
878 1050
879 4516
879 1225
879 1452
880 4977
880 3819
880 5503
881 917
881 4902
881 953
881 2649
881 9117
882 2854
884 4008
885 7744
887 7763
887 4117
887 2662
887 4022
887 3470
888 9424
888 929
888 4310
888 6026
889 7781
889 8231
889 8999
889 6888
890 3747
890 6298
890 3947
891 8386
891 1689
891 3594
893 3427
894 3459
894 1563
895 2048
895 1878
895 3719
896 3620
896 3767
896 1048
896 1705
896 8140
896 6893
897 1189
897 2092
897 2223
898 900
898 2140
899 963
899 2147
899 4006
899 5995
899 2572
899 8748
899 3549
899 1119
900 932
900 1306
901 1412
901 5220
901 4415
902 1416
902 1405
903 1778
903 979
903 9957
903 8838
903 6061
904 4994
904 1062
904 1516
904 3501
906 2797
907 6562
907 2003
907 3916
907 3229
909 1194
909 1035
910 2291
910 8106
911 1310
912 1385
912 3722
912 3790
913 1362
913 5077
913 1791
914 1952
914 2894
915 3954
915 6707
915 6761
915 2269
915 5741
915 7822
916 1397
916 3757
917 3017
917 2170
917 4588
917 2509
918 1244
918 1502
919 2579
919 4939
920 3841
920 1684
920 2726
920 3098
920 1197
920 8863
921 2198
921 4715
922 9122
924 3821
925 1589
926 2595
926 3662
927 2338
927 2786
927 1444
927 1860
927 6377
927 6987
928 3297
928 1698
928 3522
928 1667
928 3336
929 5879
929 3231
930 3390
930 3023
931 6920
932 1845
932 7964
933 7680
933 8128
933 1861
933 1974
934 5113
935 2733
935 9167
937 5384
937 2713
938 6148
938 1352
938 3117
939 3159
939 2107
940 1102
941 1830
942 1090
943 1268
943 1054
944 1456
944 5550
945 7795
945 1082
945 1855
945 3679
946 2081
947 8184
948 4113
948 3365
948 6343
948 2857
948 1418
949 1947
949 2015
951 5496
951 1996
952 5989
952 1213
953 4790
953 1228
953 1246
953 5358
953 7135
954 1440
955 7371
955 2189
956 2449
956 7545
959 2088
961 8660
961 3481
961 1247
962 1635
963 1018
963 1837
963 7901
964 2891
965 7831
965 5226
965 1887
968 9280
969 3873
969 2197
970 1092
970 2058
971 1216
971 4641
971 2791
972 1136
972 5157
972 1847
972 4361
972 3578
972 1262
973 7873
973 1205
973 4390
973 5708
974 2448
974 3284
974 1178
974 6651
974 2127
975 7433
975 2029
975 8191
976 4764
976 3678
977 1029
977 1977
978 7375
979 2597
979 1770
979 6010
980 2422
980 9768
980 1562
981 4352
981 5810
981 2070
981 6617
981 1370
983 1140
983 9144
983 5548
984 3456
984 1156
984 2302
985 1393
985 4677
986 1544
986 8778
987 2672
987 4768
987 7826
989 1773
990 1507
990 6827
990 4766
991 5714
991 6281
991 6780
991 2653
992 1188
994 2323
995 1540
995 2535
995 1326
996 9314
997 8625
997 2151
998 4820
999 1169
999 8305
999 4387
999 4643
999 1166
1000 3315
1000 4483
1000 1380
1000 1157
1000 3559
1001 1368
1001 1566
1002 1690
1003 2530
1003 3928
1004 3153
1004 4093
1005 9456
1005 4535
1005 4111
1006 1640
1006 9032
1006 1901
1008 2193
1009 9008
1009 6578
1009 3462
1009 1383
1009 1161
1009 8509
1010 2334
1011 9271
1011 7305
1012 4817
1012 2524
1013 1813
1013 1894
1014 1605
1014 2410
1014 5775
1015 5703
1015 2778
1015 4955
1016 2549
1016 7989
1016 1998
1017 1294
1019 9385
1020 1319
1020 1224
1021 8390
1021 2967
1021 1435
1021 1723
1022 1622
1022 3129
1022 2061
1023 9284
1023 1784
1023 3259
1023 1678
1025 2113
1025 1382
1025 5215
1026 1124
1027 9172
1027 7851
1028 6065
1028 1125
1028 3387
1029 6067
1029 4518
1029 1129
1029 9467
1030 6449
1031 1171
1031 5539
1031 5887
1032 1282
1032 7796
1032 1893
1032 1351
1032 7597
1033 9072
1033 4920
1034 2470
1035 1619
1035 3123
1036 1279
1037 4608
1037 1656
1038 8661
1039 7276
1039 5055
1040 1993
1041 3362
1041 9814
1042 5345
1042 6990
1043 4696
1043 7310
1044 1396
1045 4343
1046 1235
1046 1443
1046 1927
1046 9485
1046 3007
1047 2711
1047 6766
1048 1745
1048 9297
1048 2275
1048 2020
1048 4104
1048 4875
1050 1575
1051 1187
1053 9447
1054 6395
1054 9263
1055 1542
1057 5823
1058 1392
1058 8050
1058 3732
1058 4351
1059 6603
1059 9213
1060 1183
1061 9532
1061 2861
1062 9806
1063 4019
1063 2814
1064 1389
1065 8763
1066 4913
1066 8330
1066 5307
1066 6140
1066 1711
1067 3163
1068 2434
1068 2997
1068 4357
1068 7551
1069 6630
1069 3789
1070 2002
1070 1726
1070 8958
1071 2347
1071 7854
1072 2196
1075 7970
1075 6931
1075 1989
1075 7254
1075 2090
1075 7790
1076 5232
1076 3170
1076 2089
1076 9307
1077 1331
1077 6484
1077 1590
1077 6375
1077 4777
1078 2067
1078 6005
1078 1487
1079 8956
1080 8346
1080 7598
1080 8638
1081 2258
1081 1434
1081 2492
1082 5066
1082 1179
1083 1109
1083 3896
1084 1106
1084 1190
1084 6999
1084 8636
1085 4035
1085 9843
1086 7202
1086 1093
1086 6677
1086 1511
1086 2615
1086 1292
1087 1318
1088 3298
1088 1114
1088 4603
1088 8302
1089 6309
1091 1585
1091 5567
1092 4354
1093 8561
1093 1317
1094 1344
1095 2102
1095 1241
1095 7068
1096 3265
1096 2152
1096 6424
1096 4970
1096 1199
1097 6453
1097 1419
1097 4267
1099 8321
1100 2756
1101 3496
1101 5709
1102 9350
1102 3335
1103 9849
1103 7311
1104 1301
1104 1414
1104 5847
1104 6919
1105 7533
1106 8678
1106 2503
1107 3008
1107 4549
1107 3659
1108 9013
1108 2471
1108 8426
1109 5905
1110 5620
1110 1256
1110 4203
1110 6747
1111 1654
1112 9410
1112 2287
1113 1313
1113 7057
1113 3892
1114 1367
1114 9551
1115 3795
1115 3434
1115 2413
1115 1903
1116 2365
1117 1637
1117 3563
1118 4705
1118 8833
1119 4572
1120 2385
1121 8101
1121 7830
1121 1599
1122 2445
1123 1236
1124 8066
1125 1152
1125 9923
1125 1877
1125 5640
1125 3850
1125 3870
1126 1531
1126 3772
1126 5276
1128 6147
1128 6531
1129 1243
1129 2108
1130 2706
1130 2743
1130 2062
1130 4751
1131 2467
1131 2308
1131 5252
1131 7868
1132 3047
1132 3583
1134 3082
1134 1644
1135 5515
1136 2931
1136 2262
1136 3018
1137 7593
1137 4891
1138 1691
1138 1230
1139 6083
1140 3760
1142 1376
1142 9665
1142 1682
1142 4547
1143 2868
1143 3092
1143 4984
1143 3086
1143 7695
1144 5440
1145 4745
1145 4461
1146 1602
1146 2451
1146 5045
1146 1591
1146 1693
1147 3254
1148 3844
1148 5397
1148 5655
1148 4168
1149 8881
1149 9554
1149 4009
1149 9678
1149 4735
1150 9093
1150 2012
1151 2297
1151 9963
1151 2286
1153 1633
1153 9639
1154 4408
1154 8297
1155 3108
1155 2678
1155 7638
1155 1898
1156 4771
1156 1670
1156 4230
1156 1703
1156 7098
1156 7226
1156 2621
1156 1503
1157 2350
1158 3842
1158 4327
1158 3226
1159 2178
1159 4452
1159 2645
1159 2727
1159 1512
1159 2828
1159 7740
1160 9853
1161 1269
1162 6064
1162 3698
1162 1341
1163 7808
1163 2926
1164 4801
1165 7950
1165 5343
1166 3317
1166 5589
1166 8907
1170 7632
1170 4961
1170 3042
1170 3075
1170 4680
1171 4033
1171 1655
1171 7257
1171 1932
1172 3792
1172 1636
1172 9199
1173 3383
1173 9246
1174 1702
1175 3044
1175 2150
1176 2053
1176 1743
1177 3234
1179 2336
1180 3401
1181 5601
1181 4370
1181 2454
1181 2231
1181 1465
1182 2078
1183 1358
1184 8325
1185 2867
1185 4859
1185 4733
1187 1569
1187 5774
1188 1907
1188 2693
1188 7049
1188 4990
1189 1632
1189 5360
1189 1783
1190 3946
1190 6479
1191 8322
1191 3786
1191 7099
1191 3294
1192 4051
1192 3756
1193 4822
1193 7052
1194 4642
1195 1926
1195 5246
1196 4422
1196 6806
1197 1532
1197 2927
1198 1730
1198 6226
1198 2995
1198 1803
1199 3469
1200 5154
1200 9127
1201 3299
1201 2186
1202 9221
1202 9727
1203 3078
1203 7288
1204 4723
1204 1558
1204 4488
1204 4029
1205 3604
1206 1207
1207 3520
1207 2698
1207 1261
1208 2588
1208 5884
1208 7278
1209 6279
1209 3657
1209 8379
1209 1359
1210 7954
1210 1567
1210 2031
1211 6384
1211 2321
1211 2243
1211 5398
1211 3799
1212 1404
1213 4678
1213 2986
1213 9099
1213 1614
1213 1806
1214 1346
1214 2697
1215 8448
1215 8683
1215 1356
1215 3230
1216 1477
1217 6018
1217 1459
1217 3350
1217 4154
1218 1365
1218 3944
1218 4910
1219 3836
1220 2403
1220 3013
1220 3798
1221 2072
1222 2515
1222 4198
1224 1505
1224 1381
1224 6764
1224 6782
1225 2195
1227 3958
1228 2069
1229 1386
1231 7615
1232 4809
1232 2426
1234 2800
1234 4531
1234 3291
1235 9683
1235 2346
1236 1445
1236 2106
1236 2045
1237 6436
1237 2054
1237 9098
1237 8572
1238 2992
1238 1560
1238 8685
1239 3402
1240 2616
1241 2644
1241 9605
1241 2534
1241 1402
1243 4305
1244 1541
1245 2928
1245 1384
1245 4155
1246 2965
1246 1533
1247 9489
1247 2310
1247 2191
1248 2214
1248 2488
1249 5744
1249 1401
1249 2494
1249 5918
1250 1476
1250 7204
1254 2949
1256 3410
1256 3557
1256 7544
1256 1454
1257 1937
1257 6481
1257 5330
1257 1608
1257 1822
1258 2142
1259 2315
1259 9823
1260 7667
1260 4615
1260 1736
1262 7521
1262 3492
1262 3718
1262 1671
1262 4697
1263 4932
1263 1528
1264 2096
1264 3956
1264 9451
1264 5453
1265 2803
1265 4439
1265 1295
1266 5670
1266 6310
1266 1787
1266 4540
1267 9287
1267 1307
1267 3180
1268 9894
1268 5224
1268 1308
1269 1570
1269 2294
1269 2983
1269 1374
1270 8705
1270 1325
1271 7392
1271 8861
1272 8599
1273 8147
1273 1748
1273 4840
1274 6809
1275 3020
1275 2463
1276 1958
1276 1831
1277 1286
1277 1399
1278 1425
1278 6306
1278 1638
1278 3479
1278 2361
1278 2507
1278 3151
1279 1920
1279 4698
1279 1679
1279 9055
1280 2185
1280 4527
1281 2064
1281 3922
1281 2437
1281 8122
1283 4146
1283 6213
1283 4280
1283 1497
1284 1729
1285 1572
1285 4462
1285 2271
1286 4928
1286 9312
1286 7793
1287 1441
1287 2472
1287 3400
1287 4072
1288 7987
1288 3252
1288 7541
1288 1960
1288 5080
1289 2993
1289 2028
1290 2968
1290 4685
1290 3935
1292 2790
1292 1738
1293 1357
1293 1902
1294 2603
1294 5899
1295 1807
1296 6192
1296 2420
1297 1588
1297 3636
1297 7189
1297 4246
1298 3997
1298 9085
1299 1403
1299 1324
1299 9997
1300 6918
1300 7911
1300 5629
1301 8102
1301 2858
1302 8064
1303 2582
1303 2120
1303 1417
1303 3131
1303 4667
1305 3543
1306 2364
1307 1408
1307 1859
1307 9516
1308 2752
1309 6789
1309 4743
1309 7115
1310 8671
1311 3127
1311 2569
1311 2508
1312 2468
1312 8825
1313 5617
1313 2230
1313 3293
1314 1348
1315 2240
1315 7618
1315 6979
1315 3593
1316 5946
1316 8957
1317 1345
1317 3666
1318 1391
1319 7660
1320 4270
1321 3588
1321 4806
1322 5825
1322 1768
1322 3167
1323 1424
1323 3577
1323 9628
1326 2228
1326 4042
1327 1330
1327 6099
1327 4726
1327 3067
1328 4915
1328 2558
1329 8354
1329 4627
1330 6922
1330 4523
1330 1421
1330 3183
1331 2980
1331 3236
1331 2759
1331 6746
1332 2951
1333 6464
1333 2998
1333 1913
1334 5525
1334 5096
1335 8898
1336 1613
1337 3001
1337 2654
1338 2577
1338 1411
1338 7978
1339 1520
1339 6645
1339 8365
1340 2996
1340 4286
1341 1780
1341 4742
1341 2104
1342 2160
1342 6853
1342 2684
1342 8381
1343 4273
1343 8471
1343 2348
1343 3342
1343 1455
1344 1856
1345 7889
1345 1581
1346 5913
1348 5444
1348 6199
1349 7095
1349 6600
1350 2091
1350 5277
1351 3140
1352 8880
1352 4818
1352 3364
1354 9908
1354 9419
1356 1922
1357 1457
1357 6626
1357 1526
1357 5643
1357 3453
1358 2059
1359 9831
1360 7920
1361 4114
1361 6339
1361 2599
1361 3530
1366 5639
1367 1554
1367 7460
1367 8534
1367 2893
1367 1471
1368 1485
1368 4943
1369 2004
1369 5864
1369 2650
1369 2682
1370 5441
1370 1461
1370 5238
1370 6134
1370 5566
1372 3840
1373 5836
1374 7344
1374 2163
1374 3683
1374 5542
1376 3145
1376 2027
1376 8989
1377 3987
1377 4878
1378 7515
1378 2510
1379 7798
1379 2491
1382 2373
1383 5280
1383 4167
1384 2146
1384 6345
1384 3708
1384 5245
1384 5471
1384 5487
1385 2717
1386 2419
1386 6575
1387 2484
1387 4505
1389 9771
1390 2543
1390 2575
1391 1601
1391 4403
1392 4675
1394 5120
1394 9503
1395 2000
1395 2555
1396 2259
1396 7125
1396 7479
1396 3260
1397 1688
1397 7353
1398 1491
1398 3227
1400 1746
1400 1875
1400 2101
1401 2023
1401 4151
1401 4792
1402 3455
1403 4262
1403 1879
1405 2763
1406 2754
1406 8453
1406 4172
1407 4610
1407 2329
1407 7151
1408 5811
1408 1431
1408 1851
1411 1924
1411 3992
1411 2702
1414 1464
1414 2171
1416 2103
1417 2421
1417 1606
1417 5018
1418 6400
1419 1626
1419 7567
1420 3266
1420 2203
1421 4289
1421 3146
1421 3306
1422 1561
1422 2366
1423 9408
1424 9102
1425 2066
1426 3200
1427 3831
1427 2729
1427 1549
1427 3839
1428 2900
1428 3384
1429 7424
1429 1906
1429 3016
1430 2888
1430 1722
1430 3535
1432 5299
1432 2955
1432 4911
1433 3608
1433 4092
1433 6606
1434 8197
1435 1905
1436 2721
1436 2307
1436 8183
1436 1545
1436 1677
1437 1696
1437 3137
1437 4453
1437 8470
1438 3026
1438 2516
1440 1809
1440 1539
1440 4963
1440 4635
1441 2513
1441 1519
1442 6408
1442 3977
1443 3283
1443 7895
1443 1582
1444 2083
1444 4281
1444 4684
1444 2799
1445 4860
1445 7708
1446 5060
1446 3015
1446 5351
1446 8940
1446 2574
1447 5218
1447 3061
1447 9800
1449 3157
1449 8277
1450 2267
1451 2019
1451 7975
1452 2161
1452 4291
1452 1895
1452 2135
1452 4555
1453 1767
1453 6063
1454 4417
1454 1495
1454 2444
1455 3664
1455 1618
1455 6407
1455 2719
1456 2737
1456 3524
1456 8872
1457 2384
1457 1793
1457 5025
1458 1923
1458 4693
1458 6203
1458 2238
1458 3278
1459 1490
1459 4036
1459 1978
1460 1584
1460 5553
1460 6524
1461 4978
1461 4004
1461 1543
1461 3421
1461 4831
1462 7239
1462 3065
1462 2218
1463 7520
1463 7042
1463 1700
1464 8210
1464 2251
1465 1909
1465 6267
1466 6924
1467 7443
1467 3257
1468 2885
1469 8001
1469 3083
1469 4095
1470 2663
1470 1802
1470 7355
1470 1948
1471 1862
1472 7235
1473 3132
1474 9351
1476 6460
1476 4989
1478 2009
1478 3531
1479 2768
1479 4924
1481 2981
1482 8626
1482 4774
1483 8012
1484 1537
1484 2584
1484 4025
1484 6767
1485 1824
1485 3994
1485 7535
1486 2930
1486 3783
1486 2200
1487 9783
1487 9048
1487 1630
1490 5158
1490 3787
1491 2215
1491 2301
1494 3104
1494 9764
1494 8614
1494 2839
1494 2282
1494 1535
1497 8787
1497 3605
1498 6896
1500 4085
1500 5319
1503 5193
1504 5274
1504 3835
1504 2815
1504 8591
1505 3996
1506 8677
1506 2040
1506 3451
1507 4520
1507 4761
1507 1774
1507 1951
1507 7119
1508 1697
1510 8689
1510 4700
1512 3972
1512 2279
1512 2586
1512 3162
1513 1764
1513 1914
1513 1612
1514 2194
1514 4796
1515 6208
1515 2245
1515 2041
1516 2117
1516 7320
1516 1708
1517 1876
1518 3207
1518 1609
1518 4429
1518 2222
1519 3344
1519 8018
1519 2518
1519 4951
1520 3184
1520 3222
1520 1559
1520 1577
1521 9236
1521 7765
1522 2882
1523 6768
1523 1639
1523 1981
1523 2430
1524 2404
1524 1658
1524 5327
1525 5921
1526 9632
1526 4428
1526 7183
1527 6508
1527 8413
1528 2049
1529 2489
1531 8550
1531 6280
1531 5612
1531 2639
1532 3012
1532 4229
1533 4158
1534 1853
1536 2412
1536 3340
1537 4912
1537 2227
1538 4769
1540 1874
1542 2728
1543 3568
1544 5024
1544 2929
1544 3009
1544 9483
1545 5057
1545 7028
1545 4854
1545 6249
1546 7778
1546 9790
1547 7264
1547 8316
1548 5696
1548 2668
1549 1616
1549 1625
1549 1578
1549 9291
1550 5095
1550 4090
1550 4654
1553 7546
1553 6877
1554 3921
1554 5521
1554 4665
1554 2923
1555 3475
1555 2397
1555 1790
1556 2372
1556 7686
1556 2087
1557 9057
1557 5144
1557 8169
1558 4392
1559 7065
1559 5197
1560 6945
1560 4835
1560 4200
1560 3467
1560 2812
1561 3217
1561 6615
1561 4872
1561 6760
1561 4014
1563 4412
1563 3133
1564 1776
1564 6405
1564 8573
1565 1939
1565 3495
1565 4463
1566 3124
1567 5497
1567 5374
1568 3507
1568 3359
1569 2864
1569 6960
1569 3169
1570 5858
1570 1734
1571 1864
1571 1866
1572 5623
1572 5534
1573 1740
1576 1827
1576 4744
1576 6394
1576 2991
1577 2209
1577 8358
1578 6948
1578 1709
1579 2340
1581 6240
1581 3884
1585 2788
1585 3880
1586 7352
1586 5580
1588 4600
1588 1929
1589 6376
1589 1657
1590 1779
1590 2485
1590 8760
1591 5314
1591 9782
1591 3623
1591 3080
1592 3443
1592 4980
1592 2600
1593 3676
1593 6670
1596 1857
1597 8882
1597 2901
1597 2394
1597 4303
1598 4914
1598 5262
1599 9559
1599 7816
1600 2498
1600 2499
1600 2571
1602 8595
1602 3610
1602 3644
1603 1946
1603 3215
1604 6704
1604 4268
1607 4448
1608 5108
1608 5544
1609 9133
1610 3202
1610 8232
1611 1815
1611 4460
1611 5004
1611 9452
1612 2556
1613 4917
1614 7045
1615 3448
1615 6056
1615 1819
1615 2523
1615 1950
1616 5968
1617 5346
1617 2679
1617 5431
1617 3784
1617 3087
1618 2466
1618 4596
1618 2806
1618 3430
1620 1681
1620 1908
1621 5718
1621 3800
1621 5001
1621 6510
1625 2976
1625 1756
1625 9580
1626 2129
1626 5541
1626 4619
1627 1652
1627 4506
1629 2022
1630 4728
1630 2767
1631 7192
1632 8780
1632 5375
1633 7682
1633 1944
1633 5674
1633 7917
1633 8397
1633 5486
1634 7007
1635 3775
1636 2960
1636 4674
1636 6451
1636 9766
1636 5178
1636 6814
1637 8709
1637 2136
1639 2593
1640 2407
1641 8511
1642 3187
1643 6688
1643 2255
1644 1712
1645 6664
1646 4799
1648 7308
1648 2670
1649 1936
1649 2390
1649 2263
1650 8053
1650 4010
1650 3307
1650 2876
1651 2661
1652 2731
1653 3609
1653 5039
1655 1976
1656 5286
1657 1840
1657 2925
1658 9757
1659 8555
1659 8607
1660 2610
1660 4404
1660 2246
1660 3049
1661 2658
1663 9365
1663 9190
1663 3647
1664 7056
1664 5938
1664 2932
1665 1674
1665 3101
1666 7971
1666 1672
1666 1789
1666 7566
1667 6627
1667 4108
1668 6066
1668 3523
1668 1673
1671 2536
1671 2505
1672 7888
1672 3538
1672 3191
1672 4679
1672 4746
1672 4637
1673 7991
1673 5081
1673 7097
1673 1739
1673 5117
1674 4471
1674 6268
1675 1957
1675 2344
1676 3435
1677 7025
1678 7505
1679 5479
1679 1758
1680 4576
1680 5216
1680 9364
1680 2006
1680 3382
1681 1836
1682 1955
1682 5956
1682 8119
1682 9769
1683 9609
1684 9360
1684 9282
1684 8764
1687 4544
1688 2112
1688 3665
1688 7538
1688 2406
1688 9854
1690 1892
1691 9984
1691 2675
1691 3526
1692 9237
1692 3270
1693 5370
1693 2589
1694 2659
1694 4070
1695 7824
1695 5105
1695 9668
1695 3670
1697 2576
1697 3424
1697 2830
1698 8113
1698 4359
1699 6275
1699 9319
1700 4356
1701 6161
1701 7537
1701 5933
1702 1782
1702 3706
1702 3868
1702 4348
1702 2415
1703 3415
1703 6983
1703 3660
1704 5295
1705 2133
1705 1772
1705 7245
1706 6544
1707 4507
1708 5472
1709 2627
1709 2762
1711 5724
1712 5425
1713 7687
1713 6956
1713 2541
1715 3838
1717 5546
1717 3869
1718 7524
1718 1786
1719 6133
1719 8981
1719 3579
1720 3794
1720 4988
1721 2037
1721 6891
1722 5173
1723 4099
1723 7828
1723 6486
1723 5357
1724 2773
1725 4240
1725 3281
1725 3292
1725 1871
1726 9895
1726 4344
1727 4689
1727 1940
1727 5822
1729 3333
1729 2895
1729 3599
1730 7668
1730 3567
1732 2177
1732 2563
1732 2085
1732 3749
1733 9009
1733 6556
1733 9742
1734 2229
1734 3471
1735 7910
1735 4364
1736 6993
1736 2018
1736 8498
1736 1941
1737 3373
1739 2676
1739 6389
1739 2411
1739 7230
1740 8389
1740 1882
1742 2793
1743 2272
1743 5538
1744 3633
1744 6323
1744 9620
1744 9773
1745 5815
1746 5733
1746 5051
1747 6340
1747 2149
1747 9575
1747 4490
1749 3671
1750 2162
1750 6733
1750 1886
1751 2260
1751 9002
1752 7031
1752 5128
1752 9386
1752 1823
1753 5362
1753 2300
1754 2673
1754 1954
1754 2427
1754 4811
1755 2305
1755 3833
1757 7314
1757 6317
1758 2424
1758 4570
1758 6030
1759 2811
1763 4706
1763 6936
1766 7110
1766 4473
1767 2833
1767 2611
1768 2909
1768 3327
1768 5087
1769 5936
1769 1916
1770 3380
1770 2042
1771 3857
1771 3778
1771 4258
1771 3068
1772 7473
1772 5359
1774 2669
1777 5888
1777 3730
1777 3097
1778 7425
1778 3781
1778 2487
1778 2551
1778 8455
1780 3477
1781 5863
1782 1841
1782 2785
1782 3367
1784 5953
1784 7197
1785 2352
1785 4996
1785 7118
1786 8888
1786 2585
1787 4225
1787 3667
1787 9688
1787 9242
1787 3355
1788 3274
1791 2624
1791 2242
1791 3363
1791 9509
1791 8207
1793 5121
1794 2568
1795 9681
1795 7429
1795 5334
1795 9915
1795 6430
1796 2919
1797 7807
1798 4629
1798 6662
1798 3262
1800 2852
1801 7694
1803 2181
1803 6237
1803 7023
1804 6815
1806 3938
1806 1828
1808 4335
1811 2099
1811 3371
1811 4189
1812 2118
1812 2632
1813 9808
1813 2165
1813 2345
1814 2289
1814 5651
1814 2055
1814 2071
1814 6441
1814 8334
1815 4369
1815 2655
1816 2937
1816 3626
1817 9106
1818 5909
1819 2034
1819 2328
1819 9675
1821 1985
1821 3777
1821 2010
1821 6349
1825 4121
1825 3595
1826 6586
1826 2284
1828 4115
1828 2270
1829 2205
1829 2335
1830 2295
1831 4304
1831 2278
1831 7926
1831 2175
1831 3711
1832 4084
1835 2176
1835 5378
1835 8270
1838 2017
1838 3309
1839 7952
1839 1964
1841 4210
1841 2371
1841 3043
1841 8579
1841 2455
1841 9707
1841 3517
1842 6232
1842 9211
1844 2327
1845 4249
1846 2881
1846 1990
1847 4534
1847 5599
1848 6711
1849 2674
1849 3906
1849 2316
1849 3581
1849 3823
1850 2912
1852 4373
1852 7484
1853 3613
1853 7134
1856 3189
1857 6755
1857 6411
1858 2131
1859 7489
1859 4227
1859 9637
1859 2775
1860 5495
1861 2497
1861 2423
1861 3575
1861 5448
1863 5800
1863 4765
1864 2560
1865 4888
1866 5556
1866 3414
1866 9310
1867 8086
1867 2765
1867 3439
1869 7011
1871 3796
1871 8228
1871 5205
1871 8712
1871 2813
1872 5387
1874 2656
1874 3705
1874 2906
1875 4465
1875 4481
1876 3862
1876 6151
1876 7592
1877 8739
1877 3750
1877 7343
1878 3474
1878 5666
1878 7321
1880 3155
1880 2398
1880 5214
1881 2208
1881 5102
1882 5393
1882 6628
1883 2337
1885 7078
1886 2252
1886 2174
1887 3372
1888 3122
1888 4605
1889 5891
1889 4877
1890 1984
1890 7690
1891 2769
1891 5860
1891 7846
1891 5530
1891 4543
1893 2339
1893 5654
1894 2481
1894 2068
1896 3079
1897 4013
1897 6126
1898 7894
1899 2971
1899 2236
1899 4316
1900 2878
1900 3887
1902 5522
1902 6781
1903 7925
1904 3936
1904 4274
1905 7089
1905 3203
1906 4419
1906 5685
1907 4066
1907 4199
1907 2701
1908 9088
1908 2097
1908 3071
1909 2363
1910 4119
1912 5268
1912 4747
1912 9598
1913 4325
1914 6816
1914 2506
1914 6829
1915 9056
1915 7194
1915 1982
1916 3675
1917 6672
1917 3529
1917 4315
1918 5443
1918 8213
1919 5778
1920 4001
1922 2626
1923 2914
1924 2076
1924 2559
1925 8437
1925 2680
1926 7872
1926 6387
1926 4318
1927 2141
1928 3377
1928 2392
1929 5635
1929 7150
1930 1969
1930 4259
1930 2389
1930 3813
1930 2695
1930 4798
1931 8529
1932 2074
1932 2030
1933 3072
1933 3926
1934 3755
1934 4171
1934 7003
1934 3150
1935 4469
1935 3418
1936 2320
1937 2431
1937 5807
1938 2211
1938 5237
1939 7468
1940 2202
1942 4379
1944 4148
1944 1963
1944 7934
1945 3510
1946 3934
1949 3107
1950 2723
1950 2212
1950 2277
1950 6013
1951 2935
1951 7864
1952 2736
1953 3057
1953 6322
1954 4384
1955 6288
1955 2098
1955 4842
1955 7439
1956 4282
1958 7253
1959 8100
1959 6872
1959 7727
1960 5433
1962 4833
1963 2290
1963 6214
1963 3037
1964 4314
1964 7340
1965 3136
1965 7953
1965 2116
1966 2296
1967 4131
1967 7463
1967 2970
1968 2226
1968 3334
1968 4300
1968 2351
1969 9164
1971 2095
1972 8339
1972 2532
1972 2330
1972 2124
1974 3237
1974 2047
1974 9871
1976 9024
1977 3102
1978 2664
1978 8798
1979 4454
1979 2479
1980 8870
1980 2119
1981 3602
1981 9138
1981 2093
1982 5526
1983 3601
1983 5250
1983 4283
1983 6318
1984 2268
1986 6259
1986 4133
1986 9499
1987 5494
1987 6470
1989 4057
1989 2716
1990 2933
1991 4472
1992 3446
1992 4170
1992 2219
1992 7580
1992 2367
1994 2776
1995 2961
1996 4905
1996 9227
1997 2880
1997 4823
1997 3051
1997 3245
1998 2849
1998 9593
1998 3210
1999 4566
2000 3091
2000 6308
2001 3376
2001 3112
2001 2026
2001 5583
2002 2707
2002 2021
2002 7337
2003 2602
2004 5265
2004 4040
2004 3433
2004 4138
2004 9195
2005 3250
2005 5365
2006 3758
2006 6271
2007 2144
2007 6982
2007 3690
2007 8204
2007 4478
2007 5038
2008 7091
2008 3179
2009 5729
2009 2039
2010 2224
2011 4149
2011 8855
2011 2666
2012 3968
2012 2846
2013 7773
2014 4529
2014 7587
2015 2883
2015 2604
2016 2950
2017 4319
2019 2562
2019 4682
2022 3255
2022 3305
2023 2988
2023 4159
2024 4395
2025 5187
2027 5826
2027 3276
2028 3056
2028 2293
2029 5206
2029 3482
2029 4026
2030 4999
2030 3801
2030 2493
2031 2948
2031 5944
2033 8214
2034 2303
2035 4889
2036 2807
2036 9293
2036 3263
2037 2777
2039 2817
2039 3158
2040 3953
2040 2685
2041 6962
2042 2148
2042 3081
2043 8933
2043 4936
2043 2889
2044 4577
2044 8261
2047 4176
2047 3713
2048 7304
2049 8706
2049 4734
2049 9775
2050 5031
2053 2331
2054 7936
2054 4264
2055 6055
2055 5212
2059 6691
2061 3389
2063 3621
2063 6952
2064 7525
2065 2848
2069 7858
2069 9529
2070 4991
2071 8758
2072 6622
2073 3106
2073 2708
2073 3990
2074 2836
2074 3142
2074 5785
2074 2619
2076 2480
2076 7339
2077 6244
2080 3877
2082 8832
2082 4501
2082 2504
2082 2665
2082 6908
2083 5939
2083 4525
2084 2443
2084 3564
2086 4388
2086 5110
2086 3642
2086 4302
2087 4480
2087 9285
2088 5427
2088 2633
2089 7093
2089 2188
2091 2962
2091 9682
2091 3695
2092 5014
2092 9724
2093 3696
2093 3737
2094 7140
2094 9692
2095 5665
2095 6878
2097 6801
2097 3449
2097 2381
2098 5952
2098 3320
2098 3343
2100 3909
2100 7004
2100 2110
2101 4803
2101 3540
2101 2393
2101 5930
2102 8168
2103 7350
2106 6507
2107 3251
2107 9123
2107 6085
2108 2400
2108 3111
2108 3004
2109 8173
2109 3407
2110 6029
2112 7013
2113 2276
2113 3483
2114 8742
2115 2738
2116 6963
2116 8968
2117 6591
2118 4105
2119 2651
2120 2590
2121 2375
2121 2606
2121 9406
2122 5830
2123 5587
2123 3815
2124 2239
2125 3570
2125 4969
2126 4623
2127 6722
2127 7951
2128 2565
2128 4346
2129 3030
2129 2956
2130 6225
2131 9320
2134 3785
2134 7289
2134 5101
2135 8816
2135 9875
2135 2845
2136 3616
2136 2314
2137 2512
2137 6869
2137 5855
2138 2835
2138 2522
2139 4805
2140 2438
2140 2502
2141 3751
2142 9780
2142 3640
2143 4925
2147 6170
2148 5480
2148 3337
2149 8017
2149 2834
2151 2478
2151 7726
2152 3444
2152 3164
2154 2966
2154 5353
2154 4699
2154 3580
2156 4898
2157 3988
2158 3704
2158 3326
2159 6117
2159 9305
2159 4571
2160 9462
2160 2234
2160 2299
2161 3970
2161 2474
2162 7509
2162 3002
2162 7802
2165 6053
2165 2620
2166 3095
2167 6646
2167 8221
2168 6072
2168 2190
2169 5002
2170 8152
2170 3929
2170 4153
2172 7120
2172 2353
2172 8883
2172 4763
2173 2435
2173 3539
2173 4260
2174 3993
2177 5033
2177 9851
2178 4921
2178 2911
2179 6995
2179 2692
2179 9384
2181 3762
2181 7938
2182 5281
2182 7478
2183 4866
2184 4736
2184 2233
2185 4152
2185 2715
2185 5500
2186 2517
2187 6296
2187 7001
2187 2652
2189 8676
2189 6794
2189 8524
2189 5407
2189 9567
2192 8244
2195 8025
2196 2318
2197 4738
2197 8155
2197 4188
2198 3152
2198 2747
2199 5267
2199 2341
2199 5845
2200 7637
2201 4271
2202 6744
2202 2637
2203 5728
2203 3519
2204 7282
2204 4044
2205 9697
2205 3468
2206 2779
2208 5827
2208 7146
2208 3100
2208 5309
2209 5135
2210 6324
2211 6599
2212 2647
2212 3149
2213 4750
2214 5388
2215 2232
2217 3634
2217 2548
2217 7449
2217 8062
2220 4617
2221 6097
2221 5411
2222 3064
2223 4079
2224 6611
2224 6293
2224 4394
2225 5222
2228 5698
2228 7324
2229 7024
2229 5768
2230 9940
2230 3366
2231 5628
2232 3600
2232 9220
2232 2442
2232 7805
2233 8046
2234 6843
2235 3629
2236 4096
2236 3948
2237 2370
2237 4410
2237 6895
2238 5760
2238 2847
2239 6426
2239 9996
2240 9496
2240 3277
2241 3302
2242 9222
2242 5470
2244 4179
2246 5648
2246 3041
2246 6633
2246 3198
2247 4788
2248 3848
2249 5401
2250 4250
2251 7154
2253 2787
2255 2646
2255 2362
2256 5300
2257 9824
2257 5347
2258 2464
2258 4857
2258 7839
2259 2821
2259 4125
2260 5659
2261 2671
2262 5390
2263 3319
2264 7713
2264 2581
2265 4238
2265 5071
2266 9243
2269 3318
2270 6231
2272 7719
2272 8654
2273 9761
2273 3925
2274 6899
2274 6589
2274 2383
2276 3121
2276 6036
2276 8359
2276 5016
2276 3963
2277 2648
2278 8108
2279 5475
2280 6305
2280 6342
2281 8194
2281 8645
2281 5227
2282 5145
2283 6513
2283 3411
2283 3206
2284 3726
2287 3316
2287 4375
2287 3533
2287 3454
2289 5003
2291 5290
2292 3717
2292 8230
2292 6350
2293 2550
2293 2959
2293 3615
2294 4423
2294 8158
2295 8116
2295 4567
2295 8584
2296 3314
2296 3804
2296 3118
2297 4701
2298 7840
2298 2601
2299 6104
2299 8105
2300 3550
2301 5585
2301 3208
2301 6191
2302 7814
2302 5834
2304 8732
2304 8127
2305 5311
2307 2818
2307 4023
2307 2587
2308 7157
2309 3828
2310 9354
2311 4053
2311 4613
2311 5950
2311 6238
2312 2634
2313 7111
2313 2941
2313 4255
2314 6792
2314 6683
2315 5699
2318 2519
2318 2855
2319 6695
2320 7762
2320 5035
2320 6635
2321 5717
2323 3282
2325 3562
2327 6850
2327 2521
2330 5361
2330 3290
2330 7966
2331 3286
2332 5945
2333 8165
2334 8161
2336 2974
2337 5484
2337 3871
2339 2440
2340 6666
2341 5893
2342 3646
2343 4064
2344 5432
2345 2462
2346 8559
2347 2947
2347 2904
2347 6253
2347 3502
2348 2416
2348 6964
2348 9017
2348 6154
2348 6942
2349 8298
2349 7821
2350 8065
2351 3394
2353 6731
2354 4710
2354 2989
2356 3076
2357 2598
2357 7422
2358 5927
2359 5577
2359 5547
2360 4787
2360 3300
2360 8061
2362 3901
2363 7432
2365 8899
2367 5103
2368 3745
2368 3551
2369 3313
2369 9646
2369 3295
2370 2378
2371 5092
2371 6251
2372 3986
2372 7027
2372 2744
2372 9038
2373 9862
2374 5746
2374 2566
2374 3803
2375 9717
2375 2844
2376 4646
2376 3113
2377 6119
2377 2810
2378 3974
2379 2583
2380 2461
2382 9084
2383 4311
2383 4967
2383 6447
2385 6725
2386 6656
2387 4725
2387 4136
2387 3036
2387 5389
2389 2934
2389 5742
2390 5159
2390 3339
2390 5342
2390 6799
2392 5531
2392 3693
2392 5278
2393 5819
2393 4239
2394 9288
2395 8769
2395 4124
2395 9789
2398 5175
2399 6041
2400 4243
2400 4324
2400 3147
2401 7681
2401 3011
2401 2874
2402 8375
2402 7496
2404 3368
2405 8202
2405 6763
2406 3460
2406 2629
2407 3763
2407 3273
2407 8444
2407 3437
2408 2741
2409 5972
2409 6605
2410 3715
2412 6912
2412 4060
2413 3050
2414 8344
2416 7378
2417 3712
2417 6717
2420 6413
2421 3574
2421 8382
2423 2554
2423 4396
2423 4030
2425 8097
2428 5292
2429 7185
2429 8154
2431 2690
2431 5963
2432 5554
2432 9491
2432 2660
2432 5050
2434 6552
2435 2641
2435 9268
2436 8383
2437 2459
2437 6459
2438 3351
2438 4089
2439 4103
2439 2905
2440 9186
2440 3428
2440 6887
2441 9922
2442 5349
2442 5660
2442 3165
2443 7342
2444 9791
2445 5619
2448 6946
2450 3094
2450 2457
2450 9196
2450 4399
2452 5894
2453 2514
2453 7714
2457 6687
2458 5784
2458 9947
2458 3054
2459 2825
2459 5866
2459 6762
2459 6811
2461 2952
2462 7312
2463 3560
2464 2483
2464 8669
2465 2500
2465 3148
2466 2792
2468 3139
2469 7122
2469 5575
2469 3209
2469 4207
2471 5693
2472 2546
2472 5794
2472 3898
2472 3005
2474 4707
2475 3883
2475 6027
2476 9968
2477 3849
2478 8548
2479 5153
2479 2683
2480 3532
2481 8144
2484 8971
2485 7359
2487 3125
2489 9840
2489 3569
2490 3624
2491 2805
2491 9658
2492 7017
2495 7664
2495 6122
2496 5088
2496 2613
2496 5301
2496 6972
2496 3374
2497 3861
2499 3188
2499 2809
2500 8315
2502 7570
2503 4195
2503 5405
2503 4670
2504 9953
2507 7921
2507 9300
2507 3247
2508 8023
2510 2630
2510 3275
2512 9366
2512 2842
2514 4606
2515 3499
2516 6196
2516 2757
2516 8077
2518 7186
2518 8804
2520 4846
2521 8640
2521 3211
2521 8797
2522 4485
2523 8903
2525 8139
2527 3473
2527 2877
2528 3770
2529 5712
2529 5904
2530 4208
2531 7061
2531 9142
2531 3565
2532 8542
2533 6313
2533 3962
2535 4476
2536 4492
2536 5983
2537 2594
2537 3195
2538 2884
2538 9209
2540 7955
2540 3853
2541 3031
2542 5523
2542 3055
2543 7043
2543 2917
2543 6553
2544 7223
2547 4118
2547 4201
2548 7640
2548 2794
2548 4031
2549 3168
2549 9079
2549 9755
2549 2638
2551 4756
2551 5820
2552 4295
2554 9132
2558 7081
2559 2623
2560 2771
2560 8553
2562 5253
2562 4538
2563 2879
2563 5231
2564 4466
2565 7281
2566 2749
2569 2972
2570 6178
2570 5532
2571 6372
2571 7862
2571 8199
2572 8408
2572 3658
2574 3204
2577 2614
2577 3256
2577 7450
2578 6312
2579 4503
2579 4652
2584 3024
2586 4074
2589 5761
2591 6533
2592 5649
2592 4187
2593 6652
2594 3181
2595 4502
2595 3512
2595 6991
2596 3776
2596 3028
2598 8877
2598 5150
2600 6474
2600 5115
2601 8719
2602 3220
2602 7605
2603 4045
2604 3555
2604 9223
2604 9912
2607 2742
2607 3258
2607 9338
2608 5907
2609 7379
2610 3069
2612 2826
2613 5987
2614 9941
2614 3673
2615 9074
2615 3802
2616 8771
2619 4052
2619 3052
2620 3105
2620 2798
2621 4550
2621 6047
2622 9335
2623 4753
2623 6579
2623 5029
2623 7470
2624 4353
2624 7012
2626 8843
2629 7075
2629 2782
2631 6242
2631 3544
2632 5200
2632 5383
2632 4427
2633 4163
2633 7191
2633 4829
2636 6403
2636 4235
2637 8328
2637 4542
2637 6223
2638 3536
2638 5395
2640 8353
2641 3983
2642 4985
2642 2859
2643 8273
2644 5650
2644 5597
2644 4974
2645 9954
2646 7147
2647 2869
2647 9477
2647 2862
2648 5337
2648 5519
2649 9488
2650 8905
2650 6685
2651 2689
2651 5062
2652 3855
2653 8118
2654 7673
2657 5764
2658 2866
2658 5720
2660 9073
2661 3006
2662 3119
2663 4443
2664 6851
2664 4812
2665 6432
2665 3525
2665 5093
2665 5032
2665 6334
2668 8939
2669 9434
2669 8587
2669 6094
2670 2945
2670 8467
2670 3304
2671 9400
2672 5701
2672 3503
2674 2916
2674 7389
2677 7410
2677 5198
2679 8181
2680 2964
2680 7556
2681 7217
2681 8890
2684 3561
2684 5578
2684 9723
2685 5821
2687 2843
2690 6101
2691 8274
2691 5204
2691 2760
2692 4139
2693 5119
2694 2907
2695 2946
2697 3488
2697 8496
2697 6694
2700 8070
2700 5611
2700 6703
2702 5555
2703 3826
2703 3059
2703 6668
2704 6832
2704 8177
2704 5412
2704 3240
2704 8809
2705 3296
2705 5188
2705 3225
2706 3323
2706 9725
2707 7897
2708 5681
2708 6209
2708 3046
2708 4983
2708 4234
2709 5382
2709 7847
2709 3034
2711 3045
2713 3746
2713 6984
2714 7329
2714 9228
2714 4254
2720 4808
2721 4000
2721 4160
2721 2819
2721 4644
2723 3982
2725 7222
2727 5957
2727 5975
2728 3074
2728 7770
2729 3322
2729 4140
2730 3135
2730 6671
2733 4581
2733 5914
2734 3360
2734 6341
2734 3325
2735 8793
2736 3779
2736 5294
2737 6992
2738 5430
2738 4681
2739 8643
2740 3406
2741 4450
2741 9348
2741 3702
2743 8601
2743 4206
2744 6845
2745 5201
2745 6753
2746 7523
2748 2808
2749 3348
2749 4015
2750 5371
2751 6455
2751 4381
2755 4611
2755 8103
2755 3965
2756 3441
2758 4484
2760 4703
2761 7382
2761 7196
2765 6758
2767 3205
2767 3070
2770 5149
2770 4894
2771 6757
2772 3822
2774 9405
2774 9007
2776 7963
2777 4018
2778 6563
2778 7209
2779 5046
2779 8536
2779 3035
2779 3484
2779 5806
2780 3253
2782 6730
2782 5261
2783 7033
2783 4446
2785 3452
2786 8425
2786 4621
2787 3391
2789 4804
2789 5162
2790 3269
2791 9667
2791 8713
2793 8829
2795 7650
2795 3700
2795 5688
2796 8947
2797 4223
2798 6175
2799 5564
2801 4935
2801 3289
2801 4349
2802 4088
2802 3134
2804 5780
2804 4365
2805 8975
2807 5687
2807 3416
2808 5133
2810 7643
2810 3103
2812 3843
2812 3176
2813 7315
2813 7427
2813 7100
2814 6739
2814 7909
2815 7232
2815 4294
2816 3791
2817 3622
2817 4039
2818 8665
2819 8970
2820 3141
2820 2863
2821 2977
2822 8992
2823 4931
2823 3893
2823 2918
2824 2938
2824 6250
2825 3558
2825 2921
2825 9356
2826 5636
2827 8099
2827 5396
2827 4794
2828 7062
2829 3638
2829 8198
2829 3991
2830 6585
2831 9973
2833 4901
2834 8539
2836 9965
2837 5504
2837 6913
2837 8851
2837 3765
2837 9045
2837 5928
2838 3399
2839 3464
2839 3960
2839 5900
2840 7373
2842 7891
2842 3852
2843 5920
2844 6416
2844 3033
2844 3130
2845 3701
2845 7415
2845 6974
2846 3409
2846 8856
2847 3396
2848 4065
2848 4493
2851 8988
2851 4221
2852 5673
2852 6602
2852 4123
2854 3378
2855 3514
2856 4504
2857 6909
2858 3073
2859 9885
2860 7240
2860 5437
2861 4048
2861 5312
2861 4449
2861 4953
2862 9136
2863 4298
2864 7158
2864 8406
2864 5176
2865 5569
2865 6712
2866 5072
2867 9522
2869 7731
2869 2987
2870 6593
2871 9920
2871 7402
2871 9135
2872 5915
2874 3032
2874 3193
2874 8427
2875 7654
2875 8374
2875 3592
2876 3554
2876 3114
2878 5849
2880 6876
2881 5873
2881 3508
2881 3528
2881 7162
2881 5243
2881 4510
2882 7123
2882 3589
2882 5211
2882 6380
2882 7965
2884 5680
2885 4592
2885 4849
2885 5618
2889 7912
2889 5518
2891 6708
2891 4101
2892 9906
2892 6420
2893 3820
2894 5886
2896 8225
2896 4825
2898 4979
2899 3710
2901 3346
2901 8682
2904 5332
2904 3914
2907 5476
2907 3221
2907 8350
2908 3860
2909 5883
2910 3370
2910 8459
2911 4269
2912 8088
2914 9924
2914 3241
2915 4067
2915 3867
2916 3478
2917 3331
2918 6092
2919 3493
2919 3048
2920 5835
2921 3144
2923 5537
2923 8286
2924 7608
2924 6124
2925 6058
2926 9986
2926 5779
2926 6740
2928 6102
2928 7048
2929 4266
2931 5436
2932 4197
2934 8385
2934 3694
2934 7247
2935 3984
2937 3312
2937 3904
2938 9919
2940 3506
2940 9218
2940 7945
2940 7178
2940 4028
2941 7400
2941 2973
2942 3516
2942 8670
2944 3714
2945 4467
2948 3649
2948 9693
2949 6272
2949 9395
2950 3571
2951 3699
2951 7323
2954 7461
2954 3021
2955 3809
2956 9113
2958 4848
2958 9444
2958 8698
2959 6728
2961 4647
2962 4320
2963 6773
2963 3288
2963 5721
2963 9194
2964 5344
2964 3927
2966 4247
2968 3099
2968 5999
2969 4400
2970 3521
2971 9107
2971 8326
2971 8189
2973 4306
2974 5763
2974 5608
2975 6702
2978 4880
2980 4202
2980 8075
2980 4447
2982 3552
2983 3534
2985 9283
2985 6198
2987 6550
2988 8148
2990 3920
2990 4713
2991 8598
2991 9372
2992 3201
2992 4081
2992 5354
2992 3212
2992 3932
2994 5166
2996 3171
2996 5723
2997 6371
2997 9653
2997 8906
2997 7692
2998 3542
2998 9662
2999 3618
2999 7756
3000 3545
3000 5582
3002 6663
3002 6393
3003 4844
3004 7992
3004 3403
3005 3458
3006 8725
3006 6957
3006 7485
3007 8096
3007 6330
3008 3832
3008 6379
3008 8300
3009 5363
3011 6573
3012 8850
3012 4340
3013 4995
3013 6718
3015 4312
3015 8045
3016 7498
3018 4569
3019 8047
3020 8530
3020 5657
3023 7974
3024 4002
3025 5988
3026 7552
3027 9232
3027 8873
3028 4191
3029 9188
3029 3766
3031 8432
3031 5671
3031 6572
3031 6588
3031 7884
3033 3573
3033 3039
3034 3172
3036 3058
3036 3817
3036 4367
3037 9666
3037 4166
3037 6648
3038 3154
3038 3085
3039 4336
3039 9705
3041 9779
3042 5124
3042 4332
3043 3228
3044 3845
3044 8376
3048 6399
3050 3654
3052 4116
3052 6276
3054 7376
3054 4185
3055 9959
3057 4248
3059 3173
3059 4663
3059 4732
3060 5210
3060 7404
3060 5711
3062 4194
3063 3899
3064 5422
3065 6819
3067 9545
3067 8747
3068 4180
3068 5925
3068 9861
3068 9014
3068 7211
3071 3332
3075 8420
3076 4496
3077 7349
3079 4430
3083 7084
3084 4024
3084 4107
3085 5082
3086 5260
3088 4714
3091 4218
3092 5010
3092 7591
3093 6277
3093 8205
3094 5136
3094 3688
3096 7818
3099 3385
3099 3500
3100 3859
3100 4819
3101 7539
3101 5770
3102 3248
3102 4441
3104 5632
3105 6509
3106 8651
3106 4109
3107 4402
3107 4499
3107 8635
3110 7234
3110 6333
3112 3233
3112 4673
3112 5324
3112 4142
3113 3572
3114 3830
3115 5435
3116 5340
3118 7428
3119 4946
3119 4755
3119 3126
3120 8993
3122 5647
3123 3345
3123 4834
3123 4021
3123 7096
3123 4666
3125 4147
3125 6902
3125 5850
3125 5355
3126 8151
3129 6176
3130 3780
3130 4122
3130 3773
3131 8312
3132 4290
3133 4132
3133 6679
3134 3943
3135 7064
3135 3515
3136 3429
3136 5109
3137 7542
3138 3913
3140 4599
3142 3748
3143 4636
3144 7490
3144 6596
3145 4196
3146 6001
3146 6421
3149 4100
3150 3919
3151 5185
3152 3668
3152 3311
3153 7916
3156 3431
3157 7104
3159 3952
3159 6917
3161 5414
3161 9481
3162 5272
3163 7228
3163 5213
3164 5369
3166 3447
3168 7508
3170 9179
3172 8438
3175 8020
3175 6125
3176 8806
3176 6057
3177 5122
3177 6090
3179 3487
3180 3923
3181 3639
3182 8345
3182 5707
3183 5379
3183 3995
3186 4389
3187 5875
3187 5318
3187 7277
3188 4783
3189 8091
3190 5180
3191 6109
3192 6130
3195 8468
3195 7383
3195 6139
3196 3330
3196 8162
3197 3725
3200 7073
3201 6300
3202 9634
3203 6136
3203 7610
3205 8360
3205 8600
3206 3619
3208 6355
3209 3940
3211 5400
3211 6174
3212 8740
3215 7295
3217 6720
3217 6004
3218 4127
3219 8080
3219 6194
3219 4126
3220 5455
3222 7381
3222 4380
3224 6772
3224 7087
3228 5177
3229 6381
3231 4874
3232 4457
3233 7060
3235 3405
3236 4017
3237 7994
3237 5739
3237 3981
3239 3682
3239 7266
3239 5715
3239 7451
3241 7937
3242 9377
3242 8997
3242 9051
3243 3641
3246 7426
3248 5991
3249 6352
3251 9825
3252 9891
3253 5871
3254 4265
3255 7108
3255 5997
3256 3491
3256 8269
3257 5247
3258 5981
3260 6138
3261 3865
3262 4257
3262 9201
3262 9490
3262 6107
3263 5777
3263 9286
3263 7336
3264 8830
3265 7420
3265 7900
3265 3727
3266 7585
3267 5603
3268 4595
3269 5689
3275 5148
3277 8192
3278 6111
3279 9131
3282 5070
3284 3632
3284 5456
3284 8794
3286 3834
3287 3937
3287 4949
3288 5169
3289 4308
3289 4062
3290 6500
3291 3864
3291 6927
3292 5160
3292 9471
3294 6193
3294 5234
3294 6871
3294 3689
3294 9450
3296 5588
3296 5993
3296 4940
3297 7718
3298 4156
3299 6624
3300 5872
3300 4098
3303 7669
3303 5466
3304 3461
3304 5195
3305 5203
3305 9528
3306 6514
3309 4884
3309 3404
3311 5801
3311 3628
3312 4076
3312 4333
3312 5151
3315 4930
3315 6986
3316 8434
3316 4055
3316 7641
3318 3393
3318 8082
3318 5030
3319 3494
3319 4363
3319 4063
3320 3505
3322 4374
3322 4424
3323 5561
3324 9248
3324 9383
3325 6597
3325 9342
3327 3890
3327 8942
3328 7990
3328 4479
3329 5558
3330 9568
3330 4668
3330 9852
3331 3735
3332 4522
3333 5684
3333 4830
3334 3607
3334 4632
3334 7915
3335 5192
3336 3812
3337 9802
3337 6031
3338 5132
3338 8540
3339 6841
3339 7530
3341 8474
3342 5464
3344 8387
3344 4950
3344 8024
3346 3973
3351 5980
3352 6069
3353 3686
3357 4841
3357 5130
3358 9993
3359 7767
3361 3472
3361 4851
3362 3436
3364 7617
3365 5329
3365 4445
3366 6776
3367 7215
3369 9096
3371 8918
3371 3752
3372 7077
3373 5474
3375 4458
3376 7892
3377 4598
3377 6202
3377 5581
3377 6142
3379 9670
3381 6904
3382 7259
3383 7787
3384 3824
3385 9378
3386 7752
3387 4692
3387 8586
3387 6077
3388 9276
3389 8052
3391 5228
3392 6254
3394 4292
3396 3432
3397 8734
3398 5627
3400 4097
3400 9030
3400 5023
3401 4760
3402 3669
3403 5745
3403 4660
3404 3687
3406 3969
3406 4593
3406 4948
3406 3964
3408 8361
3409 6241
3410 7313
3410 7458
3410 7721
3410 6397
3411 6024
3411 7083
3413 5572
3415 9505
3415 3709
3418 5908
3418 3739
3421 4620
3422 4500
3422 4938
3423 3684
3424 3490
3427 5477
3427 6346
3427 6221
3428 6006
3428 5704
3429 8980
3430 4628
3431 3513
3432 5356
3433 6466
3433 5118
3434 7380
3435 7440
3435 9066
3439 5890
3439 5429
3439 3631
3442 5403
3442 9549
3444 4307
3444 6265
3446 6040
3451 4486
3452 5288
3453 4583
3455 4112
3457 3650
3457 7782
3457 4922
3458 6770
3459 8238
3460 7201
3463 7325
3464 4729
3465 3769
3465 9022
3466 4080
3468 4161
3468 4211
3469 6774
3472 4464
3473 3485
3474 6574
3477 5812
3477 4664
3478 6614
3478 6456
3478 4634
3479 4864
3479 7582
3480 6146
3481 9597
3481 5183
3482 5394
3482 9815
3482 6970
3483 8588
3486 4368
3486 9937
3488 8995
3488 6879
3490 4514
3492 9983
3493 3697
3493 4383
3494 5303
3494 7885
3495 8750
3496 4899
3497 4662
3498 4952
3501 8160
3502 8033
3504 6873
3508 4288
3511 6660
3512 5233
3513 4083
3513 9562
3513 8268
3514 8768
3514 4626
3514 5586
3514 6788
3515 6612
3515 5127
3515 3903
3516 5372
3517 8913
3517 8991
3518 4087
3519 4832
3519 4900
3519 6715
3520 8508
3520 5646
3521 8754
3521 4942
3522 8736
3523 6820
3524 9448
3524 8777
3526 6590
3529 3761
3530 4548
3530 7993
3531 5901
3532 3793
3532 7613
3535 5074
3535 9270
3535 8295
3535 5242
3536 4284
3536 6797
3538 6647
3540 6246
3540 7675
3541 8317
3541 8925
3542 6234
3543 7786
3543 8060
3544 6034
3544 4762
3544 3582
3545 4838
3545 9272
3547 9743
3552 4355
3552 6087
3553 6115
3554 4285
3554 7630
3557 3764
3560 5978
3562 6604
3562 5134
3563 6015
3564 9359
3566 6915
3566 9803
3566 8124
3567 9178
3569 6894
3570 3941
3571 6414
3571 4495
3572 5862
3573 3655
3574 6786
3574 5593
3578 5896
3585 4401
3586 9969
3586 7622
3586 4727
3587 6885
3588 3811
3588 9118
3589 5868
3590 7303
3592 3825
3592 6418
3594 7005
3595 5064
3595 3597
3596 7348
3596 4589
3597 5073
3597 4519
3597 7292
3597 6623
3598 3768
3601 9819
3601 4671
3603 4184
3604 6255
3605 7437
3608 7441
3608 4005
3609 9650
3609 5540
3613 9371
3614 4182
3614 5100
3615 5174
3615 7127
3615 6958
3617 4956
3617 5756
3618 5854
3619 4530
3623 7644
3626 6690
3626 4059
3627 9259
3627 8460
3630 7620
3630 4968
3631 9669
3631 7306
3633 7227
3635 7742
3637 8647
3637 8920
3638 6086
3638 6620
3639 4331
3639 4795
3640 9582
3642 5942
3642 3677
3645 9202
3645 9686
3648 7626
3650 8242
3650 4326
3650 5207
3650 9016
3651 9363
3652 3731
3652 3672
3654 6427
3654 7435
3654 9902
3655 9787
3659 5189
3659 7724
3659 8446
3660 4145
3660 7834
3660 3724
3661 3808
3661 4828
3662 9215
3663 9596
3663 5069
3664 8442
3665 5662
3666 6353
3668 4528
3668 4640
3668 9732
3669 8891
3670 5013
3672 5809
3672 3875
3672 6981
3672 8377
3674 8547
3674 6071
3676 4217
3677 7469
3678 4855
3680 5510
3680 8503
3681 7549
3683 5266
3683 9145
3685 5011
3688 3908
3688 5052
3689 6229
3690 6639
3693 4075
3694 4515
3695 8004
3696 4143
3697 4296
3700 5020
3700 9374
3701 7080
3702 8352
3704 6831
3705 4556
3706 5637
3706 9015
3706 3816
3710 5112
3711 6977
3711 4068
3711 9878
3712 5044
3713 4546
3713 4633
3714 4565
3714 4933
3714 7030
3714 8823
3717 8247
3717 4553
3718 6162
3720 4434
3720 7286
3723 6182
3723 4537
3725 4470
3727 9770
3729 6149
3730 4342
3730 5446
3732 3872
3732 3734
3732 5848
3732 6362
3732 8619
3734 6289
3735 5221
3736 4551
3736 5631
3738 7020
3739 4539
3741 8544
3741 8723
3743 5961
3744 6601
3744 8301
3746 8186
3746 4987
3747 5186
3747 8041
3747 9514
3747 4077
3748 8967
3748 5645
3749 5219
3750 4293
3752 5026
3754 4137
3754 9644
3755 5969
3755 8930
3756 9589
3760 6953
3761 9258
3761 6269
3763 6406
3764 4487
3764 9687
3764 5323
3766 6028
3767 8521
3769 9128
3769 9672
3769 9836
3770 6023
3771 5621
3771 9535
3772 3797
3772 6527
3773 8501
3773 4056
3774 9730
3774 4358
3775 3879
3775 9991
3775 6472
3778 6835
3781 9010
3781 5017
3781 7273
3782 9120
3782 4437
3782 8313
3783 5516
3783 5230
3784 8157
3787 6499
3787 5769
3787 6701
3788 5738
3788 7164
3790 4752
3791 7116
3791 3999
3792 4923
3793 9154
3793 4407
3794 5781
3794 9869
3795 4236
3797 6475
3798 9168
3798 9394
3799 8653
3800 8369
3800 6775
3800 8056
3801 5865
3803 9303
3803 4058
3805 7271
3808 4054
3808 5416
3808 5179
3809 5916
3809 7293
3810 4272
3810 5897
3812 7611
3813 6364
3815 9905
3815 7755
3816 7639
3817 5686
3817 3917
3817 7213
3820 5270
3822 3894
3822 5543
3822 6743
3823 9446
3823 9083
3823 9052
3824 3915
3826 7560
3829 4213
3829 4444
3829 9566
3831 4212
3832 4041
3832 4377
3833 6616
3835 4150
3836 9012
3837 4702
3838 3939
3838 9525
3839 6357
3839 5766
3839 7655
3840 6316
3840 6734
3842 4786
3843 3874
3844 5316
3844 5423
3846 5929
3847 6248
3848 7411
3848 4861
3851 5333
3851 9466
3851 5565
3853 4719
3853 8479
3854 4398
3855 4497
3855 8133
3855 5190
3857 5622
3857 6493
3858 4981
3860 7581
3862 6723
3862 4309
3863 8021
3863 3945
3863 8924
3863 4686
3864 6328
3865 7881
3866 7248
3867 5792
3868 4881
3868 7244
3869 7568
3869 5765
3872 8515
3872 9736
3873 4181
3874 9749
3874 9292
3875 9504
3875 7962
3876 4435
3876 6678
3878 6988
3879 4532
3880 9889
3880 4813
3881 6448
3881 4926
3882 5008
3882 9159
3883 8000
3883 5012
3883 5549
3884 9355
3886 4129
3886 3949
3888 4865
3889 5027
3891 6044
3893 5111
3894 9716
3894 9565
3895 9253
3895 4038
3895 4524
3895 5948
3895 7679
3896 8149
3896 4971
3898 5710
3899 7174
3900 6855
3901 6160
3904 9021
3907 4431
3908 4597
3909 7792
3909 5068
3911 8417
3911 4245
3911 9158
3911 5293
3912 4421
3914 4785
3914 6625
3915 4347
3916 4215
3916 4558
3918 7029
3918 7836
3919 8569
3920 3979
3922 7251
3923 4329
3923 4459
3923 4173
3924 6478
3926 4594
3926 5752
3927 6356
3928 4406
3929 9317
3930 5489
3930 4862
3933 7784
3934 4337
3935 5508
3935 8902
3937 8518
3938 4475
3938 6862
3939 4032
3942 6386
3942 6771
3944 5584
3944 5570
3947 5498
3949 5089
3949 5042
3949 8484
3949 5163
3951 4584
3953 6374
3955 4741
3955 9734
3956 5719
3956 6135
3958 4440
3959 9617
3959 9718
3959 6137
3959 4299
3961 8175
3965 9804
3969 4512
3970 4382
3971 5208
3971 7850
3974 4263
3974 4509
3975 9425
3975 4027
3976 4557
3978 6402
3979 9647
3980 7649
3980 6388
3980 5373
3984 6476
3985 5633
3985 7860
3985 7672
3986 4852
3986 4821
3988 9353
3989 8309
3992 4224
3994 9664
3995 8886
3995 8104
3998 5716
3998 6143
4000 8240
4000 8036
4001 6195
4001 4366
4003 4169
4003 9388
4004 9422
4005 7444
4006 9805
4007 6082
4009 4554
4009 4815
4010 9114
4014 8290
4015 8343
4017 8040
4017 7177
4018 8042
4019 8027
4020 4810
4021 6724
4022 8944
4022 8931
4022 6287
4023 5732
4024 9594
4025 5528
4028 4562
4029 9157
4029 6934
4029 5753
4030 6049
4030 6961
4030 5922
4031 4649
4032 4873
4033 5563
4034 6434
4034 8263
4035 4895
4036 6454
4038 5592
4041 8667
4042 6555
4043 5298
4043 6566
4043 4061
4044 7180
4047 5442
4048 4694
4048 4393
4049 5512
4049 6682
4049 7691
4051 8773
4051 4251
4053 5767
4054 9970
4054 5912
4055 5256
4058 5514
4058 4717
4059 7358
4062 4091
4064 8662
4065 6359
4066 8248
4066 4847
4067 6290
4067 4362
4068 4391
4069 8696
4069 4973
4070 5053
4072 5979
4073 6110
4075 9950
4078 4711
4079 7578
4080 9685
4081 8690
4082 6699
4082 5005
4083 7852
4084 6037
4084 4350
4086 5184
4089 7387
4089 9659
4092 6538
4093 6201
4093 6188
4097 8015
4098 7959
4101 5413
4102 8010
4103 8505
4103 6846
4103 8111
4104 9951
4107 7563
4108 6580
4108 5609
4108 5116
4110 4162
4110 6301
4112 5107
4112 5614
4113 8373
4113 4573
4114 8558
4116 8821
4118 8384
4127 9708
4128 4297
4130 5317
4130 7372
4133 9857
4134 5959
4134 8473
4135 8915
4136 4261
4139 9821
4140 4321
4140 8642
4143 6471
4144 8708
4146 8003
4146 8837
4147 4579
4149 8520
4149 6793
4150 9281
4150 5591
4150 8287
4151 7014
4151 7661
4151 6302
4153 7732
4153 4287
4154 9721
4155 9560
4157 4433
4159 9879
4159 8378
4160 4165
4161 4816
4162 9513
4163 6859
4166 5985
4168 5223
4171 4883
4172 5409
4175 4624
4177 6640
4177 5992
4178 4420
4178 8037
4179 8083
4179 9576
4183 6060
4184 6823
4186 8801
4186 6826
4187 4317
4188 4233
4190 7940
4191 8364
4191 6463
4192 6619
4193 4442
4193 5727
4197 4220
4198 5473
4199 6582
4199 6543
4200 6889
4201 7666
4202 4511
4203 6431
4205 4886
4205 4890
4206 6211
4206 7022
4206 8911
4207 7857
4207 8766
4208 6390
4208 6155
4209 5892
4209 4731
4214 9556
4216 7156
4216 8634
4219 8744
4220 6576
4220 4856
4221 7651
4221 5305
4221 9387
4223 5006
4226 7823
4228 4241
4228 6230
4228 9735
4228 9561
4229 4929
4229 5557
4229 5573
4230 6914
4230 9929
4230 8731
4232 6641
4232 8402
4232 7811
4232 5451
4235 5788
4235 5757
4237 5404
4239 8523
4241 4863
4243 5874
4244 7184
4245 4278
4246 9027
4246 9909
4246 4345
4246 9839
4249 4513
4250 8700
4250 8335
4251 8728
4252 8786
4252 8234
4254 5841
4254 8372
4254 5725
4255 5677
4258 9442
4259 6321
4260 4947
4262 5126
4262 5191
4263 4614
4266 7717
4269 9527
4270 6401
4270 5417
4270 8959
4272 7149
4272 7309
4275 8327
4276 5771
4277 6278
4277 7599
4278 6856
4279 4937
4280 8560
4280 5735
4282 5943
4283 9747
4283 5656
4284 4418
4285 6681
4286 7330
4288 8577
4288 8921
4288 9660
4289 7408
4289 8130
4291 5114
4291 6911
4292 6808
4292 4650
4293 9176
4294 4789
4294 4653
4296 7838
4297 9116
4298 9511
4298 7145
4300 4631
4301 9289
4302 4328
4303 9046
4303 8875
4305 4385
4306 7604
4307 5616
4308 5328
4308 9776
4308 4482
4308 7351
4309 8500
4309 9071
4311 4879
4312 4896
4314 7477
4314 6078
4318 4372
4318 4887
4318 7943
4318 5818
4324 5606
4324 5910
4326 6128
4327 9230
4328 6383
4329 9899
4330 5700
4332 9521
4333 7085
4336 4739
4338 8262
4338 7287
4340 4869
4340 5958
4340 7199
4341 4867
4342 6659
4344 8519
4345 5562
4345 8522
4345 5419
4347 6673
4347 6458
4348 9939
4352 9648
4354 9729
4354 5194
4357 5857
4357 5931
4357 7819
4357 6332
4357 5694
4360 6741
4361 7494
4362 4993
4363 7070
4364 9247
4366 6327
4367 8552
4370 5460
4370 6540
4372 7745
4372 6491
4374 5678
4375 4916
4376 5615
4377 9888
4378 6112
4378 4582
4379 7272
4380 4648
4381 7832
4381 8424
4383 9326
4388 8212
4389 8072
4391 7629
4392 4672
4393 7553
4393 4413
4395 7457
4395 7685
4396 9217
4397 5377
4398 8009
4399 9432
4400 9463
4401 5889
4401 9722
4402 8692
4403 6994
4403 9654
4404 6260
4410 7258
4413 8433
4414 9421
4414 5759
4415 5248
4418 9627
4422 4669
4423 6258
4423 5236
4424 7600
4424 7399
4428 5804
4432 7633
4436 4616
4437 7252
4438 5730
4438 7785
4439 5895
4441 5094
4441 5255
4441 6365
4442 6245
4442 5406
4443 4690
4444 6698
4445 6613
4446 6502
4448 7634
4450 5170
4450 5478
4450 4775
4451 4560
4451 7547
4452 6897
4452 4477
4453 9062
4454 6634
4455 6932
4456 7274
4457 9089
4460 8784
4460 7284
4461 5974
4462 5960
4464 4575
4465 8271
4466 8839
4467 5285
4467 9061
4468 7817
4469 7368
4471 7665
4474 6867
4474 7243
4475 6326
4476 7487
4478 9786
4479 6273
4482 6674
4482 7076
4482 4986
4482 7983
4483 8724
4484 4656
4485 8835
4489 7768
4490 4638
4491 5499
4493 4800
4493 4658
4496 6532
4496 5320
4496 5726
4496 8430
4497 6348
4497 7967
4500 5595
4502 6997
4503 7997
4504 7741
4505 5258
4506 8546
4508 4934
4510 7079
4511 4585
4512 6095
4516 5799
4517 5490
4517 4773
4517 9817
4517 9834
4518 4797
4520 5641
4521 7051
4522 4578
4523 5955
4525 6975
4528 5937
4529 4695
4531 4758
4531 6631
4531 8279
4533 5408
4535 8846
4537 6369
4537 8098
4538 6721
4538 7364
4538 6169
4539 9092
4539 7803
4539 6204
4540 8115
4540 8953
4540 9225
4540 5853
4541 8005
4545 8223
4547 9040
4547 7973
4547 6686
4547 6655
4549 7130
4551 7875
4551 6189
4553 8694
4554 4972
4558 6818
4558 8617
4559 7961
4559 4618
4561 4604
4566 8729
4566 4941
4567 6518
4568 7280
4569 5380
4569 6692
4570 4782
4573 6412
4574 5040
4574 7887
4575 5428
4575 6212
4575 7418
4576 9850
4580 7880
4581 6547
4582 6163
4583 6457
4583 8366
4584 9403
4588 8979
4588 7406
4593 4740
4593 6779
4595 5604
4595 6038
4596 6886
4598 5084
4599 7172
4599 5861
4600 8941
4601 8336
4603 6039
4603 5037
4603 7774
4605 9330
4606 6131
4607 4720
4607 7820
4609 4814
4610 4850
4610 9068
4611 5054
4612 7170
4615 7493
4617 6206
4618 6852
4618 6438
4618 8857
4619 4778
4620 6180
4621 4826
4624 6009
4626 8854
4627 5517
4628 5465
4629 6433
4629 6881
4629 8117
4629 6270
4630 8810
4632 9844
4632 9465
4633 5164
4635 6045
4637 6291
4638 7930
4644 6528
4645 4876
4648 6940
4649 6838
4653 4770
4653 5932
4657 5090
4657 9695
4658 8853
4659 4807
4661 4957
4663 9100
4665 5881
4666 4992
4669 4843
4670 5063
4671 5420
4672 4945
4672 7112
4674 7896
4675 7103
4677 6498
4677 7502
4678 6256
4678 8395
4678 7791
4680 7510
4681 6156
4682 9981
4683 7464
4686 5028
4689 4885
4692 6765
4693 8562
4698 5488
4702 5138
4704 9622
4705 5424
4705 5075
4708 6828
4709 5579
4709 9020
4711 6697
4713 9067
4714 5817
4717 7155
4719 7173
4719 5325
4720 8603
4721 5091
4723 5816
4724 6167
4724 7759
4727 7949
4728 7698
4729 7616
4729 9358
4730 8565
4732 7979
4733 8879
4734 5594
4736 7972
4736 5271
4739 7607
4743 5065
4745 8250
4746 5906
4746 7236
4747 4919
4748 7466
4749 5263
4751 6526
4752 6629
4752 6907
4755 5965
4764 8275
4764 9369
4767 5085
4768 5376
4771 6581
4771 6247
4773 8869
4773 6366
4773 6462
4775 6778
4775 6923
4780 4791
4781 8874
4782 5840
4782 6684
4786 6295
4787 6490
4788 8049
4791 6398
4793 7984
4793 6636
4794 8462
4797 6868
4797 9992
4797 5099
4797 6748
4798 7716
4799 5669
4799 8218
4802 7322
4808 8431
4809 7531
4810 5123
4812 4954
4813 7413
4817 4976
4818 9249
4822 8672
4824 6338
4826 6713
4828 6883
4828 8820
4829 6070
4836 5415
4837 7047
4837 6347
4837 9005
4840 9175
4840 8125
4842 6642
4842 5511
4843 7053
4844 5924
4846 6011
4846 6525
4847 6822
4849 6737
4850 7009
4850 6649
4851 8929
4852 8256
4852 9238
4854 8174
4855 7471
4856 6592
4858 6966
4859 5326
4860 9859
4861 9245
4863 5284
4866 7769
4867 5877
4868 6435
4868 6185
4870 6749
4870 7933
4871 7735
4871 5598
4874 7652
4874 6445
4876 7021
4877 7559
4877 5209
4879 9600
4879 7555
4880 8753
4880 6546
4883 5706
4886 7730
4887 8704
4888 6548
4889 5776
4889 6607
4896 5168
4897 5140
4897 6537
4900 6839
4900 6937
4901 6480
4902 8135
4902 5097
4905 7092
4905 5386
4906 7193
4910 6849
4911 6183
4913 5469
4916 8272
4916 7395
4916 8394
4917 7233
4919 9006
4920 5596
4921 8894
4922 5019
4923 5297
4923 8575
4925 5367
4927 9301
4928 7906
4929 5043
4930 9026
4930 5291
4930 7198
4931 6257
4931 9393
4935 6068
4938 5249
4939 5146
4940 8257
4940 5385
4942 7529
4943 7405
4943 7231
4946 6732
4948 9858
4948 6052
4955 6000
4956 5966
4959 5036
4960 7958
4961 7499
4965 5493
4966 5439
4967 5731
4967 7684
4968 8568
4969 6297
4970 5368
4971 5015
4974 8948
4974 5049
4975 5658
4976 5492
4976 6084
4978 9018
4978 9034
4980 9094
4982 7316
4983 7141
4984 5536
4984 5061
4984 9530
4985 7212
4986 9234
4986 5366
4988 9328
4989 5251
4989 9590
4992 7738
4993 6224
4993 5165
4994 7369
4995 5287
4996 6177
4996 9294
4997 9345
4997 5454
4999 7476
4999 5302
5005 5421
5006 5079
5007 8545
5009 7488
5009 6545
5011 6892
5013 8463
5016 7385
5016 7210
5017 9618
5018 9095
5020 9206
5023 9696
5023 8229
5025 8605
5027 9023
5028 7058
5032 5104
5032 6951
5033 8998
5034 5315
5034 7700
5034 6216
5038 7182
5038 7039
5040 5282
5041 9520
5042 8209
5043 6108
5046 5842
5048 6062
5052 7436
5057 6173
5060 6950
5063 8633
5064 6754
5066 9604
5069 8220
5070 9333
5072 9756
5074 8368
5074 5663
5077 6033
5080 7317
5085 8776
5085 9469
5087 9601
5087 5129
5087 6186
5094 7504
5095 5829
5095 5973
5097 9999
5098 7050
5102 6587
5103 9691
5107 5852
5109 6368
5110 6506
5110 7788
5111 5520
5111 6425
5113 5994
5113 5502
5114 8507
5116 7456
5117 6032
5122 9614
5124 9137
5124 7474
5126 7712
5126 8032
5130 5463
5131 9826
5132 9193
5132 5679
5133 5322
5135 8621
5138 6088
5138 6217
5139 9381
5139 9913
5139 8826
5141 5824
5141 6144
5141 5418
5142 9235
5150 7635
5150 8585
5157 7071
5158 9184
5158 5339
5162 5225
5163 5878
5168 8895
5169 5457
5171 8674
5172 7117
5174 6817
5181 6621
5182 9404
5184 7412
5187 9316
5188 8737
5188 5321
5188 5851
5189 8966
5189 8120
5190 6803
5190 7636
5191 9512
5192 5364
5192 8436
5194 7513
5195 7939
5195 9427
5196 6035
5197 6360
5198 7874
5198 9349
5198 7144
5202 6549
5202 5279
5206 5533
5207 8730
5209 5259
5213 6802
5215 8340
5215 8319
5216 7384
5218 6473
5218 5275
5220 7153
5220 9866
5221 6989
5223 5310
5223 5935
5225 5235
5225 5625
5228 7941
5229 6870
5230 8447
5235 5652
5236 6769
5237 6529
5238 5296
5238 8089
5240 8985
5241 7301
5242 8051
5243 5911
5245 6727
5245 8775
5245 7066
5245 6461
5247 8887
5248 5667
5248 7495
5251 9266
5251 8566
5254 6738
5254 5885
5255 7082
5258 5758
5260 9591
5260 9911
5261 6608
5261 7662
5265 9205
5266 5458
5271 8452
5271 8938
5273 5870
5275 8659
5276 9261
5277 6570
5278 5762
5278 9484
5280 9799
5280 9964
5283 6485
5288 9254
5289 8280
5289 8141
5290 7442
5294 6266
5294 6043
5295 5574
5297 9219
5297 5481
5298 8016
5298 6363
5299 9108
5299 8200
5299 8283
5301 6787
5301 5352
5303 8528
5304 5797
5304 6165
5304 6503
5309 5392
5310 8772
5310 9429
5310 5736
5311 6504
5311 9785
5313 9076
5314 8112
5316 9892
5317 7783
5317 8987
5318 7777
5318 7374
5323 9315
5326 7462
5327 8419
5328 5630
5329 7674
5329 7036
5333 6541
5334 6017
5334 6536
5336 9428
5337 8513
5337 7948
5338 5683
5341 6093
5343 5560
5346 6807
5346 8137
5350 7927
5350 8680
5351 8741
5351 8885
5351 6700
5353 9155
5357 7572
5357 7701
5357 7609
5358 6382
5360 6996
5363 6022
5367 6118
5369 5590
5370 8466
5370 5844
5370 7365
5371 9510
5371 7528
5373 9778
5375 8227
5377 9373
5378 6051
5378 6222
5380 7152
5380 5602
5383 5951
5384 6521
5388 7564
5392 6239
5393 6505
5393 7067
5394 5509
5396 5399
5396 5833
5396 7390
5399 7586
5400 9402
5405 8862
5406 5737
5408 6179
5408 8026
5411 5485
5411 9454
5412 7728
5413 6073
5413 8217
5414 6423
5415 8755
5415 6564
5415 8429
5416 6482
5417 6971
5421 6404
5422 6947
5424 6501
5426 5626
5427 5923
5427 8840
5429 6235
5430 8193
5430 8007
5431 5524
5434 6437
5436 8454
5437 7671
5439 8608
5439 6729
5444 9979
5449 7246
5451 9250
5455 6696
5455 6875
5457 6706
5457 5976
5458 7475
5461 6081
5463 5903
5465 7697
5465 9375
5466 6440
5466 8795
5466 7167
5468 8356
5468 5529
5468 6890
5470 7459
5472 9948
5474 8901
5477 9396
5477 8952
5478 6785
5479 9713
5479 9955
5480 5661
5482 7596
5484 6274
5484 5813
5485 5967
5486 6219
5488 7722
5490 5796
5492 7455
5497 8757
5497 7447
5499 8637
5500 9063
5502 8976
5503 6976
5503 5668
5504 9962
5506 9550
5507 7835
5508 6921
5509 6158
5510 6930
5512 5828
5514 6511
5520 6560
5522 9584
5522 7710
5525 5838
5527 9500
5530 9702
5530 7326
5531 6025
5532 9608
5532 6091
5533 6450
5538 7841
5544 8059
5546 7801
5547 9302
5548 7262
5550 9845
5550 6551
5551 8401
5551 8695
5555 8497
5555 6370
5557 9872
5560 8770
5562 5740
5563 6059
5563 9645
5568 8517
5569 5750
5569 6351
5572 6854
5573 7347
5573 5743
5575 8187
5576 5713
5578 7693
5581 8370
5583 8285
5584 6319
5585 6965
5589 5803
5589 6557
5596 5690
5596 7423
5602 9050
5604 7452
5607 8751
5608 9173
5609 7341
5614 6561
5615 7128
5618 7059
5619 8403
5619 5782
5619 7294
5622 8922
5623 6378
5625 5747
5625 6166
5626 5898
5628 7705
5632 7265
5634 9810
5638 9078
5638 7370
5642 9472
5642 8071
5642 7739
5643 8762
5645 6159
5649 5751
5651 6750
5655 8656
5657 8311
5661 8684
5662 6497
5662 7986
5665 6680
5666 6329
5668 6080
5668 6825
5672 6358
5672 7179
5673 8655
5675 7275
5682 7492
5682 9956
5682 5919
5689 6745
5692 9449
5694 9578
5695 8916
5696 8867
5698 6693
5701 8237
5703 7486
5709 6783
5711 6569
5712 9583
5717 9606
5719 9318
5719 9035
5720 6171
5720 7614
5722 9759
5729 8006
5729 7913
5729 8779
5730 7779
5730 9415
5733 8912
5734 6021
5737 9572
5738 8310
5741 9980
5743 8896
5744 6998
5750 9171
5750 9029
5750 7688
5751 8264
5752 8412
5758 6644
5760 7550
5762 8314
5765 9975
5766 6145
5769 6415
5774 6299
5775 7327
5783 9661
5784 6847
5785 9344
5789 7403
5790 9389
5793 6042
5793 8767
5794 7804
5799 6709
5800 6465
5800 8022
5802 6654
5809 6315
5812 9441
5812 7683
5813 8428
5814 7877
5814 6184
5815 6967
5819 8630
5823 8822
5824 7482
5824 6558
5825 5990
5837 7725
5838 5867
5842 6610
5842 6429
5847 6304
5848 6821
5848 9966
5849 6751
5851 8812
5854 8574
5868 9586
5868 8233
5869 6515
5869 7923
5872 8172
5873 9252
5874 8142
5877 6675
5877 8774
5878 8612
5879 9295
5880 7825
5881 8131
5882 7377
5887 6577
5887 9161
5889 6452
5892 7576
5892 9082
5893 6336
5897 9537
5900 9507
5900 6054
5900 6236
5903 7908
5904 6419
5904 8182
5909 6307
5910 7035
5912 6113
5917 9064
5917 8858
5918 9339
5920 8610
5921 8996
5923 7590
5924 6512
5928 7574
5930 8648
5930 8092
5934 7345
5936 7195
5939 8504
5939 6396
5941 8785
5941 6020
5942 9392
5945 6016
5952 8409
5954 6880
5954 9087
5955 7628
5958 7328
5961 7734
5962 7037
5962 9663
5963 6050
5968 9587
5968 6954
5970 6638
5972 6127
5973 8714
5975 7072
5976 7124
5978 8783
5980 8267
5983 6197
5984 8348
5991 6594
5992 8159
5995 9877
5995 6187
5999 7250
6000 6522
6005 8337
6008 9684
6010 7019
6012 9492
6019 6105
6022 7704
6026 8848
6026 6314
6026 7867
6027 7338
6027 6446
6028 7627
6030 6689
6030 7969
6033 6516
6036 7361
6036 7261
6036 6798
6037 6784
6037 9709
6040 9308
6040 6477
6049 7105
6052 7749
6053 9882
6056 7129
6061 7723
6063 6243
6064 9638
6064 7438
6064 6367
6067 9298
6068 9290
6074 6804
6074 7238
6075 9044
6082 6150
6082 9334
6085 9704
6085 7018
6087 6571
6090 8178
6095 8399
6096 7102
6096 9438
6101 8965
6101 6973
6103 7168
6103 9907
6105 8371
6107 6884
6107 8789
6107 9487
6112 7032
6115 8756
6117 7480
6119 8450
6120 6354
6120 6567
6123 6710
6123 8252
6124 7296
6125 6813
6127 7757
6128 9274
6131 6583
6131 7255
6131 8253
6132 8935
6132 6955
6132 9420
6134 8681
6135 8945
6136 7642
6139 6836
6139 8063
6141 9846
6144 6928
6154 6949
6156 8834
6160 8516
6162 9977
6163 7136
6163 7904
6163 8876
6164 9150
6167 7026
6168 9694
6169 8057
6172 9153
6173 9974
6184 6882
6186 7780
6190 8405
6190 6218
6196 8323
6199 8849
6202 6658
6202 8711
6202 8201
6205 8488
6207 9698
6207 7612
6208 8593
6216 7588
6218 6985
6224 6373
6226 6439
6228 9060
6231 7985
6238 8620
6243 8800
6251 9475
6251 9726
6257 8927
6258 7848
6259 7010
6261 8644
6261 9177
6262 6726
6263 6520
6269 6284
6270 7657
6270 8347
6275 9518
6276 7737
6280 9971
6285 6705
6290 7393
6291 8596
6294 9555
6295 9081
6298 8977
6300 9841
6301 8919
6303 6492
6305 7844
6308 7676
6309 7055
6313 7242
6320 6385
6322 8380
6325 8266
6328 7995
6329 8733
6331 6595
6332 7133
6335 7113
6339 9058
6341 6665
6341 9433
6344 9552
6344 9054
6347 6467
6347 8819
6349 8211
6351 9848
6353 9174
6353 8808
6356 9460
6358 9652
6366 6860
6367 8483
6371 8583
6372 6534
6378 9930
6379 7417
6379 8188
6381 6483
6381 8206
6384 8788
6385 9185
6386 9621
6387 7205
6391 7670
6392 9867
6393 8306
6396 7142
6397 7090
6397 9134
6398 7746
6398 7924
6400 8114
6401 6735
6402 9711
6404 8978
6405 9329
6405 9642
6407 6941
6408 7703
6409 7918
6410 8451
6411 9090
6411 9945
6411 6874
6414 7044
6415 9430
6417 7646
6419 8196
6423 9165
6427 8514
6427 7114
6429 7203
6431 8641
6432 6469
6435 9798
6443 7861
6443 7334
6443 9407
6445 8639
6446 7809
6446 7656
6446 8110
6447 9368
6448 9080
6448 6863
6451 6719
6451 7743
6452 6929
6452 7106
6463 6944
6470 7988
6473 9423
6474 9526
6475 7944
6479 7290
6481 9103
6483 8650
6486 7931
6489 6938
6490 9557
6492 9784
6492 8461
6492 9901
6494 8035
6499 9464
6500 8367
6501 8475
6502 6632
6503 7188
6504 6752
6504 6865
6507 8675
6507 7879
6507 7707
6514 6926
6516 6800
6520 7300
6522 6523
6524 7761
6529 7472
6530 9109
6530 6584
6531 8153
6531 7263
6532 7132
6535 7394
6538 8491
6538 9886
6539 7388
6539 8445
6541 8351
6543 7187
6543 6554
6544 9264
6544 9037
6546 6795
6547 7758
6558 9792
6558 9623
6560 6650
6561 6676
6565 7074
6566 7363
6569 9890
6571 6830
6572 8871
6573 8039
6578 7534
6579 9863
6583 9401
6588 7866
6589 9043
6593 7302
6594 9000
6599 8934
6599 9257
6601 7980
6601 7214
6604 6905
6611 8549
6617 8657
6619 9146
6624 7354
6628 7299
6631 6844
6634 7138
6634 9141
6634 8781
6638 9967
6641 8936
6641 9101
6642 9357
6646 8707
6651 8068
6651 7775
6652 9767
6658 6756
6662 7006
6663 7865
6670 6810
6677 7849
6678 9075
6679 9515
6680 8357
6680 9626
6680 7454
6681 8236
6682 6933
6685 7833
6687 8803
6691 7747
6691 7659
6692 9474
6692 8123
6692 9036
6694 8329
6696 7562
6696 8589
6701 6833
6701 7595
6702 9508
6705 8554
6707 7810
6708 9835
6709 6898
6709 7431
6711 7101
6716 7224
6717 6842
6719 7396
6723 8478
6732 8790
6736 9898
6738 8164
6743 7040
6743 6812
6747 7219
6749 6805
6753 8494
6758 9321
6760 8892
6766 8095
6767 7225
6775 9473
6775 8226
6777 7870
6779 7362
6780 7813
6781 8011
6781 7421
6783 8145
6787 8590
6788 9797
6792 7579
6796 6959
6799 9306
6799 7166
6801 8687
6806 7171
6806 9914
6808 7625
6811 9794
6816 8292
6816 8303
6817 8576
6817 7516
6821 7016
6823 9226
6825 8580
6827 8884
6829 6858
6830 9203
6835 7760
6844 9331
6845 8727
6848 8592
6848 7899
6849 8167
6851 8910
6857 8962
6858 9547
6858 9278
6859 6866
6861 8282
6862 8195
6862 7148
6868 9497
6868 8604
6872 8418
6879 7526
6883 9273
6884 9197
6891 9461
6891 8090
6901 7905
6901 8490
6904 8121
6907 7481
6910 7360
6912 7932
6913 8414
6914 8974
6918 7448
6933 8029
6934 9152
6939 9183
6940 7346
6942 8241
6944 8673
6948 7589
6956 8019
6956 7956
6956 9753
6959 7160
6962 9739
6962 9343
6963 8765
6968 7000
6968 7034
6969 7882
6973 9413
6976 9870
6980 8085
6980 7398
6981 9938
6981 8058
6983 8664
6995 7046
6995 9418
6999 7126
6999 8143
7008 7419
7012 8170
7016 7729
7019 9361
7019 7902
7020 9625
7024 7907
7025 8954
7032 9978
7033 8864
7041 9011
7041 8362
7042 8391
7045 7491
7046 9793
7048 7267
7056 7871
7060 7856
7062 7131
7066 7137
7066 9531
7068 9162
7073 7606
7074 8333
7078 8489
7079 9822
7082 8563
7082 7519
7086 8481
7086 7366
7088 9592
7094 7645
7100 7434
7101 9457
7103 7207
7103 7514
7105 7260
7111 7298
7111 7647
7112 9110
7120 7957
7132 8658
7134 8081
7138 8627
7139 7558
7145 7532
7152 8668
7154 7176
7155 7163
7160 8331
7162 7750
7166 7367
7168 7522
7170 9502
7171 7577
7172 8044
7173 8216
7181 9340
7183 7501
7185 8973
7189 9588
7189 7981
7190 9104
7191 9524
7194 8464
7194 9494
7197 9277
7198 8813
7213 9737
7220 7996
7226 7318
7227 9367
7232 7517
7236 7357
7242 9409
7242 8031
7245 9004
7252 9673
7259 8735
7260 8963
7271 8284
7276 7511
7277 9149
7278 7554
7279 9059
7281 9262
7282 7297
7283 7319
7284 7624
7285 7573
7286 9603
7287 8440
7287 8410
7289 9925
7289 9752
7292 8972
7293 9807
7295 7623
7297 8510
7299 9224
7314 7333
7320 8416
7320 8792
7323 9935
7325 7977
7334 9437
7337 8567
7349 8028
7350 9160
7351 9208
7357 9189
7361 7503
7362 8893
7374 7898
7375 8824
7376 8278
7379 9651
7379 9495
7379 9801
7384 9636
7386 8304
7390 9574
7396 9933
7398 8615
7403 8355
7406 7483
7413 9192
7416 8281
7417 9944
7418 9855
7419 9602
7422 9233
7422 9635
7426 8805
7426 7771
7429 9169
7429 9630
7432 9865
7435 7766
7444 7842
7444 9523
7452 9390
7456 7843
7464 8961
7464 9362
7465 8866
7469 8087
7473 9720
7475 7893
7485 9760
7488 7715
7490 8827
7491 8002
7507 9671
7508 8219
7521 9151
7526 9809
7527 9903
7529 9053
7531 8400
7531 8551
7533 9676
7535 9738
7540 8716
7547 8203
7554 8616
7558 8084
7558 9468
7559 7584
7559 8078
7561 8074
7561 8815
7575 7748
7579 8486
7582 8179
7587 8259
7587 7919
7593 9125
7594 9148
7607 7942
7610 9191
7611 8055
7621 9480
7622 9571
7622 9624
7625 7928
7626 7914
7633 7733
7633 9445
7633 9607
7642 9758
7646 8602
7647 7800
7648 9763
7654 8622
7656 9864
7668 9337
7669 9439
7675 8398
7676 8392
7676 8926
7685 8831
7694 8512
7702 8487
7703 9811
7704 8581
7704 8013
7705 7720
7709 9140
7713 9112
7715 8030
7717 9130
7718 8299
7721 8291
7723 8208
7723 8889
7724 8623
7726 7754
7726 9453
7728 7922
7735 8136
7735 9880
7736 8265
7747 8251
7750 8984
7753 9796
7756 8537
7759 9553
7760 9231
7761 9065
7776 8817
7778 8951
7781 9260
7783 9563
7784 8878
7803 9370
7804 9689
7813 9347
7815 9539
7819 9251
7820 7947
7821 9042
7831 8332
7842 8176
7842 9706
7842 9998
7845 9832
7846 8679
7847 8950
7848 8841
7856 7976
7857 9884
7859 8900
7862 9569
7870 9049
7874 9181
7877 8260
7877 8093
7881 8393
7882 9830
7887 8245
7890 9985
7895 8293
7903 8014
7913 8611
7916 9379
7919 9041
7919 8946
7920 7929
7921 8222
7926 9542
7929 9039
7936 8180
7941 8069
7945 9762
7952 8224
7952 8163
7959 9091
7962 8185
7973 9595
7974 8726
7979 8802
7995 8435
8004 9204
8007 9111
8012 8076
8014 9838
8018 8156
8026 8493
8027 9674
8027 8396
8029 9833
8032 8054
8035 9538
8047 8914
8050 8349
8055 8421
8055 8296
8057 8239
8060 9543
8062 8703
8066 8844
8068 9874
8068 8456
8080 8845
8081 8132
8082 9847
8083 9517
8084 8628
8085 8649
8111 8532
8116 8150
8119 9210
8121 8531
8121 9086
8130 9744
8134 8865
8141 9212
8144 8613
8148 9746
8155 9573
8156 8499
8160 8722
8161 9265
8162 9240
8162 9579
8168 8288
8169 8538
8175 8255
8188 8666
8192 8852
8194 9426
8195 8485
8195 8318
8209 9655
8210 8932
8216 9544
8217 9069
8218 9976
8220 9946
8222 9896
8225 9820
8228 9585
8231 9115
8233 9700
8243 8646
8254 8632
8255 8908
8262 8415
8262 9279
8269 8897
8271 8814
8273 8342
8275 9180
8278 8502
8290 9615
8293 9376
8294 9275
8297 8465
8300 9904
8303 9812
8309 9033
8331 9546
8347 9715
8352 9887
8354 8663
8362 9519
8363 8533
8366 9139
8377 8691
8377 8404
8379 8720
8385 9876
8391 9077
8398 9837
8408 8606
8410 9239
8410 9198
8420 9916
8429 8439
8438 9493
8444 9255
8444 8557
8450 9982
8455 8527
8466 9745
8474 8811
8483 8994
8486 9478
8495 9241
8499 8904
8499 8746
8502 8955
8523 8847
8530 8782
8544 9147
8548 9411
8569 8597
8569 9070
8577 9918
8581 9498
8589 8688
8591 8721
8591 8759
8592 9327
8618 9728
8637 9910
8637 9610
8640 8791
8641 8943
8644 9187
8648 9818
8654 9972
8668 9873
8675 9961
8679 9816
8683 9482
8694 9772
8706 9267
8706 8923
8711 9486
8723 9336
8750 9126
8766 9677
8767 9751
8783 9631
8795 9750
8796 8969
8808 9346
8808 9304
8819 8917
8821 9633
8824 9656
8830 9025
8845 9987
8855 9917
8874 9719
8888 9690
8891 9927
8896 9105
8897 9325
8899 9097
8908 9714
8942 9001
8952 9299
8953 9679
8969 9828
8972 9256
8992 9641
9006 9611
9018 9352
9024 9047
9038 9777
9053 9296
9071 9994
9086 9795
9128 9332
9137 9166
9151 9541
9195 9619
9240 9960
9242 9324
9259 9414
9279 9458
9299 9476
9306 9440
9310 9643
9315 9533
9324 9534
9359 9417
9362 9733
9372 9455
9403 9506
9405 9613
9427 9435
9438 9765
9444 9629
9463 9949
9473 9479
9539 9740
9546 9781
9559 9657
9560 9856
9562 9995
9566 9599
9596 9934
9597 9842
9626 9883
9694 9943
9745 9827
9760 9774
9772 9860
9803 9900
9826 9928
9836 9932
9853 9897
9932 9958
