10000
0 1
0 289
0 2273
0 2
0 4
0 5
0 2421
0 22
0 26
0 636
0 862
0 4830
1 83
1 275
1 36
1 278
1 2646
1 8
1 10
1 14
2 3
2 7
2 137
2 11
2 364
2 46
3 435
3 3459
3 100
3 1076
3 4260
3 1813
3 423
3 28
3 1421
4 64
4 242
4 151
4 9
4 105
4 13
5 529
5 452
5 6
5 23
5 71
5 168
5 667
5 7675
5 303
6 70
6 89
6 43
6 251
6 411
7 576
7 17
7 3475
7 139
7 2699
7 589
7 1182
7 2079
8 3505
8 516
8 4649
8 27
8 3611
8 12
8 7295
9 7811
9 164
9 25
9 174
10 96
10 2128
10 177
10 19
10 20
10 356
10 87
10 8551
10 188
10 1022
10 15
11 35
11 291
11 5444
11 760
11 1388
12 16
12 1889
12 2986
12 156
12 9949
12 30
12 62
12 79
13 18
13 162
13 3636
13 7188
13 8359
13 728
13 41
13 4618
14 160
14 52
14 260
14 42
14 378
14 347
14 5549
14 95
14 6543
15 5136
15 2113
15 9379
15 2740
15 9422
15 815
16 500
16 1895
16 4568
16 234
16 91
16 76
16 7423
17 48
17 67
17 37
17 3321
17 44
18 6305
18 231
18 90
18 92
18 8924
18 77
18 142
18 1438
19 99
19 21
19 1047
19 2935
19 24
19 29
20 144
20 50
20 130
20 55
20 40
20 216
20 2409
21 8400
21 340
21 4630
21 247
21 2311
21 45
21 461
22 2640
22 133
22 1477
22 1831
22 72
22 58
22 4410
22 1355
22 78
23 480
23 66
23 115
23 189
23 3375
24 241
24 8114
24 644
24 2981
24 135
24 57
24 7161
24 2010
25 32
25 98
25 4338
25 1765
25 295
25 106
25 428
26 4261
26 814
26 111
27 80
27 737
27 34
27 116
27 38
27 60
27 622
27 31
28 33
28 7122
28 1131
29 800
29 372
29 249
29 649
29 2826
29 7292
29 605
29 47
29 735
30 514
30 149
30 294
30 1593
30 123
30 94
30 335
31 4840
31 492
32 1376
32 161
32 305
32 451
32 9128
32 122
32 1341
32 302
33 1344
33 3122
33 599
33 108
34 2865
34 53
34 582
34 39
34 2439
34 376
34 700
35 1349
35 9161
35 186
35 268
35 1708
35 447
36 1394
36 2105
37 401
37 4929
37 5985
37 7985
37 3842
37 373
37 120
37 1689
37 874
37 124
37 1630
38 981
38 198
38 3929
38 59
39 7552
39 354
39 616
39 252
39 4653
39 3662
40 3712
40 4932
40 119
40 157
40 143
41 753
41 178
41 1253
41 3079
41 88
41 75
42 112
42 4548
42 232
42 5928
42 4781
43 97
43 3203
43 73
43 585
43 1961
44 5190
44 407
44 6089
44 125
44 1581
44 63
45 3602
45 1429
45 56
45 620
46 128
46 3217
46 1058
46 51
46 1015
46 4317
47 2499
47 406
47 4233
47 2619
48 8864
48 49
48 196
48 2436
48 9876
48 245
48 166
49 6454
49 297
49 457
49 2313
49 6748
49 7132
49 61
50 2243
50 171
50 3659
50 8300
51 101
51 86
51 1433
51 2700
51 9276
51 6511
51 8527
52 992
52 3153
52 263
53 657
53 419
53 1093
53 54
53 4777
53 330
53 203
54 963
54 102
54 104
54 266
54 970
54 1340
54 126
55 192
55 129
55 2430
56 913
56 594
56 789
56 169
56 652
56 9998
57 65
57 84
58 1313
58 3258
58 412
58 205
58 1533
58 3645
59 721
59 4099
59 74
59 314
59 4890
59 587
60 290
60 5283
60 132
60 772
60 9108
60 85
60 7527
60 152
60 1499
60 446
61 176
61 9168
61 131
61 486
61 6142
62 4881
62 5540
62 826
62 1036
62 413
63 148
63 1143
63 4520
64 928
64 68
64 261
64 279
64 3962
64 2494
65 82
65 281
65 557
66 5648
66 1874
66 69
66 5525
67 306
67 1986
67 184
67 5723
67 573
68 4608
68 3011
68 1478
68 410
68 9978
69 4521
69 7887
70 6354
70 3465
71 3748
71 215
71 3754
71 107
71 1407
72 163
72 393
72 6895
73 6019
73 388
73 6372
73 6890
73 109
73 1551
73 2098
73 889
73 154
73 2236
73 2780
73 670
74 113
74 4116
74 2282
74 509
75 5060
75 597
75 103
75 2168
75 2571
76 207
76 5903
77 320
77 416
77 2477
78 182
78 5079
78 1658
78 4812
78 2607
79 81
79 808
79 1997
80 2481
80 183
80 441
80 459
80 476
80 3548
80 93
80 141
81 6481
81 1302
81 555
81 270
82 256
82 3456
82 211
82 803
82 1431
82 1004
82 767
83 3687
83 7256
83 140
83 956
83 653
84 262
84 8151
84 952
84 1320
84 6361
85 1264
85 5088
85 1522
85 436
85 359
85 845
86 850
86 5287
86 488
86 379
86 3259
86 397
86 3311
87 546
87 298
87 539
87 1101
88 235
88 463
88 1215
89 2526
90 8467
90 2004
90 905
90 110
91 355
91 180
91 296
91 201
91 254
92 117
92 1384
92 778
92 1612
92 206
92 1758
92 8494
93 150
93 782
94 273
94 2610
94 1716
94 5476
94 1350
94 159
95 4067
95 444
95 3133
96 467
96 5653
96 1096
96 237
96 1325
96 430
97 114
97 6483
97 1444
97 701
98 1410
98 485
99 403
99 491
100 7442
100 118
100 3145
100 828
100 3628
101 469
101 6842
102 353
102 369
102 170
102 383
102 831
103 229
103 473
103 7982
103 223
104 448
104 210
104 2339
104 264
104 127
105 1106
105 307
105 7891
105 6825
105 204
106 1873
106 4146
106 532
106 1402
106 590
107 584
107 792
107 153
107 2474
108 304
108 324
108 572
108 173
108 2174
108 191
109 225
109 3573
109 6300
109 350
110 1041
110 1299
110 2055
110 345
110 315
110 285
110 175
111 136
111 138
111 172
111 748
111 941
111 526
112 5367
112 840
112 586
113 3970
113 284
113 2220
113 1470
113 1567
114 786
114 1671
114 155
115 2689
115 2851
115 121
116 1632
116 4672
116 4851
116 1750
116 2118
116 3128
116 394
116 1947
117 1184
117 6518
117 2872
117 218
118 1089
118 274
118 1875
118 6931
118 228
118 1460
118 5512
118 8702
118 5375
119 208
119 886
119 1945
119 746
119 5402
119 2187
119 332
119 8253
120 1906
120 1942
120 7335
120 890
121 1296
121 2964
121 1102
121 9822
121 287
122 1305
123 1989
123 310
123 825
123 6522
123 3995
123 621
125 390
125 1982
126 1905
126 146
126 4082
126 5954
126 339
126 2323
126 677
127 562
127 134
127 895
127 2287
128 167
128 1128
128 1672
128 2522
128 955
128 1979
129 947
129 212
129 8362
130 933
130 838
130 250
130 221
131 199
131 158
132 352
132 358
132 7478
132 1372
132 1500
133 2150
133 392
133 363
134 145
134 165
134 762
134 4650
135 197
135 381
135 1231
136 482
136 741
136 570
136 286
136 798
136 7135
137 2866
137 5013
137 2319
138 385
138 1107
139 5588
139 213
139 2953
140 1144
140 8041
141 147
141 4997
141 248
142 7776
142 1950
143 6618
143 4059
143 908
144 311
144 2601
144 3439
145 531
145 346
147 4485
147 823
147 2941
147 398
148 227
148 533
148 8085
148 391
148 265
148 202
149 2035
149 6679
149 220
149 893
149 3101
150 400
150 7474
151 5124
152 1379
152 1273
152 7980
152 830
153 560
153 244
153 357
153 421
153 2805
153 214
153 1783
153 797
153 543
154 752
154 6962
154 2325
154 4583
155 288
155 1361
155 2694
155 730
155 507
156 690
156 2814
156 1311
157 243
157 4487
157 9626
157 1774
158 209
158 1138
158 596
158 534
158 8601
158 1130
159 976
159 3508
159 9721
159 3836
160 691
160 217
160 6812
160 3023
161 788
161 630
161 375
161 8957
162 233
162 2618
163 2166
163 1290
164 348
164 861
165 2034
165 195
165 5046
165 1480
166 1251
166 852
166 3380
166 246
166 2041
166 3579
166 6459
166 316
167 550
167 1887
168 240
168 336
168 4800
168 739
168 438
168 185
168 2793
168 6795
169 499
169 1635
169 777
169 1049
169 986
169 236
170 796
171 418
171 179
171 308
172 9250
172 181
172 745
172 299
172 604
173 1248
173 1419
173 879
174 994
174 1564
175 8752
175 404
175 2292
175 3156
175 3977
176 341
176 329
177 4162
177 374
177 4742
177 3737
177 859
177 380
178 518
178 190
179 547
179 5451
179 5915
179 1502
180 224
180 579
180 443
180 1100
180 2974
181 775
181 5978
181 2300
181 269
181 750
181 5886
182 226
183 722
183 323
183 4803
183 326
183 283
184 257
184 3656
184 187
184 9164
185 3827
185 7434
185 2507
185 4557
186 194
186 3042
186 2373
186 635
187 5188
187 230
187 3783
187 764
187 1580
187 9660
188 1051
188 2203
188 9486
188 4847
189 5264
189 705
189 200
189 6538
190 1153
190 1681
190 1366
190 5095
190 399
191 1010
191 2419
191 920
191 844
192 640
192 193
192 934
192 328
192 1055
193 755
193 9779
193 5412
193 567
193 632
194 5296
194 337
194 806
194 2214
194 951
194 1114
194 5085
195 272
195 292
195 5220
195 6934
195 3240
195 6556
195 1149
197 1458
197 343
197 424
197 1547
198 497
198 1914
198 651
198 2604
199 502
199 1897
199 668
199 238
199 255
200 5218
200 1557
200 3689
201 7299
201 331
201 222
202 368
202 915
202 1363
202 1958
202 489
202 2329
202 3401
202 4729
202 1423
203 3856
203 2564
203 8519
203 2456
203 2621
204 7109
204 1176
205 464
205 2642
205 4466
205 1923
205 601
205 638
205 239
206 1378
206 569
206 650
206 267
207 456
207 4264
207 1181
207 7853
208 537
208 4685
209 732
210 3072
210 3058
210 4958
211 9879
211 408
211 9993
211 4171
212 3059
213 276
213 277
213 7351
213 9656
215 1334
215 219
216 389
216 558
217 258
217 1940
217 1031
217 282
217 4234
217 891
218 6033
218 8625
218 580
218 3412
219 2000
219 6016
219 1221
219 5147
220 4144
220 535
221 770
221 563
221 1094
221 648
222 545
222 4946
222 259
222 521
222 697
222 1868
223 1472
223 2638
224 2626
224 666
224 5482
225 9408
225 382
226 1284
226 3418
226 2892
226 1885
227 2992
227 1159
227 7419
228 2512
228 1026
228 493
228 3214
229 321
229 4038
230 768
230 3237
231 2717
231 4879
232 3140
233 1601
233 3452
234 6807
234 3192
234 414
234 1886
234 607
235 4864
235 6677
235 1963
235 477
235 271
236 440
236 8632
237 5250
237 2643
237 571
239 1360
240 472
240 588
241 1088
241 470
241 536
241 1385
241 1709
242 2144
242 2420
242 422
242 7800
242 253
243 309
243 361
243 9631
244 7908
244 2886
244 327
244 1639
245 2669
246 8688
246 3125
246 1798
246 4136
246 6713
246 334
247 4738
247 1699
247 7178
247 1087
248 2528
248 609
248 659
248 1277
248 319
249 1890
249 317
249 6958
250 2195
250 1237
250 333
250 2221
250 6095
251 512
251 1440
251 9362
251 5388
251 1453
252 7850
252 4302
252 9566
253 528
253 5270
253 3752
253 1481
253 4651
253 6189
254 6128
254 2869
254 758
254 503
255 996
255 1800
255 8509
256 960
256 342
256 600
256 698
256 511
257 387
257 1415
257 280
257 5560
257 431
258 1057
258 678
258 799
259 396
260 3161
260 367
261 1391
262 9377
262 2647
262 1434
262 6843
262 9356
262 8093
263 769
263 643
263 1482
263 1610
264 3109
264 1832
264 1145
265 868
265 2132
265 3894
266 433
266 402
266 405
266 1175
266 4957
266 3102
268 2819
268 7828
268 551
268 2295
268 1064
268 1353
268 474
268 3580
269 293
269 917
270 8193
270 5571
270 821
270 2825
271 313
271 524
272 4581
272 301
272 878
273 3527
273 4072
273 4971
274 689
274 1185
274 8693
274 683
274 415
274 479
275 1389
276 1648
276 664
276 4459
277 962
277 2308
277 2549
277 807
278 688
278 3120
278 465
278 647
278 999
278 1351
278 1065
278 8473
279 1619
279 983
279 3864
279 682
279 4189
280 1505
280 979
280 3381
280 2582
280 2910
281 1488
281 1201
281 811
282 377
282 1386
282 2175
283 4192
283 3721
284 645
284 318
284 3007
285 2054
285 6620
285 9213
285 494
286 1205
286 300
286 365
287 1872
287 1223
287 362
287 1375
288 1584
289 2980
289 8054
289 888
289 2795
290 1445
291 5298
291 6906
291 3340
292 1797
292 4647
292 1882
292 2589
293 455
293 471
293 426
293 686
294 458
295 4969
295 6063
296 1091
296 628
296 7332
296 325
296 695
296 747
297 4054
297 1212
298 454
299 2563
299 564
299 1271
300 513
300 1955
300 7075
300 1461
300 2520
300 942
301 312
301 442
301 602
301 5498
301 1035
302 1451
302 5757
303 2680
303 2429
303 1518
303 1791
304 2176
304 2928
304 1726
305 2246
306 338
306 1030
306 3942
306 360
306 1980
306 575
307 1456
307 712
308 2803
308 2406
308 1274
308 445
309 1123
309 938
309 924
309 8254
310 6370
310 3193
310 1949
310 574
311 8882
311 1108
311 8121
312 646
312 4205
313 5236
313 7884
313 366
315 4938
316 7253
316 344
316 5038
317 515
317 1060
317 2774
317 1959
317 617
317 475
317 2847
318 2977
318 676
318 517
318 6151
318 3547
319 322
319 3956
319 774
319 904
320 496
320 5962
320 395
320 7695
321 5836
322 384
322 541
323 6498
323 4155
323 606
324 629
324 2790
324 936
324 3018
324 939
324 9900
326 1920
326 8278
326 3239
326 1755
326 990
327 9376
327 1668
327 1019
328 5123
328 3415
329 2021
329 7837
330 2068
330 437
330 1160
330 1611
330 9230
331 371
331 639
332 851
332 453
332 619
332 751
333 5632
334 1555
334 1001
334 4698
334 2813
334 495
335 662
335 857
335 506
335 4394
335 2349
336 5649
336 2247
336 1720
337 2288
337 8840
337 1659
338 449
338 434
338 1643
338 1422
339 1969
339 8338
339 612
339 565
339 2997
339 2155
339 478
340 5361
340 4131
341 370
341 2115
341 8262
341 729
341 1018
341 460
341 5852
342 3733
342 7752
343 1441
343 2023
343 8730
343 2509
344 4659
344 2228
344 439
344 351
345 6099
345 4868
345 2875
346 483
346 2792
346 349
347 2944
347 559
348 1817
348 1147
348 2652
349 6318
350 1489
350 1571
350 6428
351 985
351 8153
351 7995
351 1629
351 3278
352 1186
352 3925
352 7661
353 8212
353 3818
353 4683
354 1827
354 1930
354 783
355 544
355 5172
356 1786
356 1227
356 3709
357 7425
357 3141
357 1000
357 8618
357 1532
357 3773
358 1318
358 943
358 1359
358 8175
359 6049
359 4920
359 1721
359 3999
360 5138
360 9123
360 2917
360 2540
360 1135
361 468
361 6293
361 3080
362 675
362 1028
362 1483
362 654
362 2895
363 5057
363 3413
363 554
363 6011
363 9052
364 723
364 6171
364 1007
365 8339
365 1669
365 3046
366 5440
366 7696
366 7669
367 1203
367 6899
367 1428
367 1287
367 873
367 3179
368 432
368 2530
368 902
368 2012
369 710
369 1723
369 7693
370 1009
370 626
370 3987
370 3672
370 425
371 2226
371 1495
371 6585
371 490
372 8448
372 4049
372 2261
372 9001
372 3532
372 3150
373 7865
374 1137
375 6656
375 696
375 4378
376 1937
376 450
376 420
376 7422
376 1919
377 804
377 6734
378 1764
378 6884
378 1623
378 6441
380 386
380 578
380 930
380 967
380 8456
380 505
381 7592
382 672
382 3492
383 836
384 1011
384 1125
384 9098
384 2219
384 3181
384 1118
385 595
385 8472
386 6741
386 1790
386 2495
387 945
387 2106
387 1678
388 9746
388 694
388 794
389 4544
389 3015
389 1916
390 4561
390 6513
390 1209
390 3726
391 2404
391 921
391 1515
392 848
392 1507
392 8125
393 977
393 2354
393 1815
393 5099
394 1301
394 699
394 959
395 4481
395 5506
395 8615
395 5661
396 7074
396 5941
396 1289
397 6496
397 3702
397 744
398 2320
398 929
398 6836
398 549
398 1157
398 519
398 8631
398 2472
399 2256
399 2679
399 2475
400 2005
400 6710
400 3388
401 7376
401 738
401 6199
402 2417
402 922
402 1467
402 5150
403 4244
403 409
403 5179
404 3349
404 1179
405 1760
405 899
406 9271
406 761
406 781
407 1752
407 5212
408 7928
408 2874
409 1443
409 2019
409 1207
409 6472
410 784
410 484
410 566
411 417
411 702
412 4083
412 1782
412 906
413 9218
413 4814
414 3266
414 427
415 481
415 522
415 5260
415 3263
415 3743
416 1154
416 3497
416 2154
416 2366
417 466
417 581
418 1142
418 5291
419 819
419 2837
419 3959
419 8600
420 4935
421 2272
421 679
421 3982
421 8078
422 2363
422 2316
422 637
423 1883
423 4508
424 2086
424 663
424 6172
424 926
425 5875
425 714
426 867
426 1653
426 1382
426 1510
427 3872
427 3778
427 3972
427 1335
427 3593
427 1356
428 3494
428 429
429 3781
430 1634
430 953
430 3242
430 523
431 1475
431 6155
431 3198
432 3188
432 827
432 8908
432 717
433 3124
433 5034
434 898
434 1043
435 4229
435 2022
435 504
435 9002
435 766
436 1921
437 914
437 858
438 1168
438 2235
439 5443
439 1517
439 1039
440 1970
440 2629
441 656
441 598
441 5198
441 3455
442 833
442 849
442 1809
443 5173
443 3543
443 8058
444 708
444 4356
444 1014
444 2344
444 508
445 3112
445 1835
445 684
446 2721
446 8937
446 7215
447 618
447 6091
447 1742
449 4704
449 3649
449 3873
449 8581
450 2134
450 1230
451 1314
451 487
452 7261
452 671
453 641
453 8050
453 2468
453 4453
453 1962
453 812
453 2639
454 631
454 520
454 462
455 592
455 2384
455 1795
455 776
456 2162
456 835
456 820
456 7658
456 527
457 1395
457 1915
457 3854
458 1392
458 593
458 2212
459 1377
459 3569
459 3175
461 2088
462 864
462 2769
462 5299
462 2613
463 2279
464 4441
464 8377
464 4475
464 3276
465 706
465 693
465 719
466 5041
466 743
467 832
467 7810
467 9670
467 2376
467 2218
468 8096
468 1602
468 2709
468 8554
468 731
468 5838
469 9953
469 3820
470 1285
470 1707
470 7326
471 9836
471 8943
472 3313
472 2741
473 1293
473 7438
474 1080
474 4073
474 779
474 958
475 498
475 9219
476 2400
476 1412
476 9591
476 634
476 1771
476 2763
476 5275
476 957
476 1454
477 1393
477 3794
477 5850
477 1323
477 1164
477 1244
478 1544
478 525
478 2797
478 542
479 3408
479 6985
480 2529
480 2454
480 713
481 692
481 6424
482 4961
482 611
482 613
482 3162
482 5515
483 2775
483 1066
484 1265
484 1860
484 1242
485 2864
485 1220
485 2215
485 6712
485 2431
486 669
486 2685
486 3086
487 946
487 2040
487 5208
488 501
488 1781
488 2137
488 1578
489 1896
489 1673
489 1853
490 3489
490 7035
490 1213
490 5663
491 5334
492 1012
492 1780
492 9208
492 909
492 4303
493 7011
493 6506
494 880
494 3985
494 674
494 1163
494 973
495 4404
495 6969
495 510
496 5991
496 1801
496 5821
497 8742
497 6204
497 1694
498 9047
498 1148
498 1468
498 765
499 1152
499 3397
500 610
500 552
500 1098
501 8899
501 1636
501 615
501 2233
501 6525
502 2240
502 9745
502 3893
502 4681
503 9170
503 727
504 2403
505 5825
505 6984
506 931
506 7567
507 4204
508 8690
508 4312
509 6769
510 3682
510 3269
510 1255
510 5800
510 603
510 1871
511 2341
511 2543
512 1586
512 9623
513 2786
513 6804
513 1462
513 795
513 8462
514 2245
514 1640
515 1698
515 2660
515 685
516 866
516 2066
516 2949
516 1417
517 1250
517 725
517 2984
517 4730
517 1261
517 2141
518 4688
518 1190
519 2854
520 3858
520 2757
520 2299
521 2275
521 556
522 2130
522 9186
522 2293
522 5109
522 1447
522 538
523 1303
523 3895
524 6612
524 923
525 2806
525 2265
525 8521
525 8429
525 703
526 3312
526 8630
526 1435
526 3787
526 1260
527 2096
527 6721
527 8642
527 1267
527 1598
528 608
528 6851
528 2596
528 853
528 4937
528 5098
528 540
528 7356
528 829
529 530
529 4387
529 687
530 9474
530 2995
530 9573
530 791
530 3063
530 1192
531 5156
532 561
532 8673
532 1688
533 720
533 4448
533 2600
533 6970
533 1134
533 1198
534 1084
535 548
535 1156
535 4503
535 6935
536 8609
536 724
536 6468
536 4277
536 8379
536 8524
537 1579
537 5788
538 4276
538 3430
538 8634
538 907
538 5471
539 624
539 948
539 2486
539 6636
539 2781
540 9092
540 726
540 1111
540 1898
541 2332
541 1486
542 1029
543 2033
543 2312
543 7726
544 577
544 5090
544 839
545 6501
545 4527
546 7360
546 4202
546 3404
546 591
547 8289
548 2722
548 553
549 1234
549 5394
549 8226
549 995
549 756
549 900
549 1932
550 1216
550 978
550 583
550 2407
551 1408
551 7812
551 1333
551 935
551 716
551 2367
552 1056
552 2117
552 6568
552 1772
552 2511
553 660
553 965
553 1013
553 1926
554 1074
554 1603
554 3386
554 3835
555 1170
555 5346
555 759
555 2060
556 736
556 1911
557 5636
558 7169
558 3934
558 7342
559 7059
559 1816
559 2798
560 1960
560 2827
561 1331
561 870
561 809
561 5002
561 1692
561 718
562 7508
562 742
562 763
562 1054
562 3070
563 1136
563 1281
563 4465
563 1294
563 7022
564 1865
564 1613
564 927
565 2483
565 711
565 5127
565 1464
565 793
566 1124
566 1003
567 1105
567 568
568 2954
570 837
570 2668
571 1667
571 2759
571 1737
571 9050
571 5052
571 5868
571 7470
573 4225
573 2802
573 8709
573 3261
573 3838
574 1861
575 4916
575 2711
575 2729
575 623
576 9284
576 5975
577 5045
578 2615
578 3673
578 9071
579 1490
579 3911
579 4858
581 7593
581 1788
581 2252
581 6749
581 2559
581 3151
582 6126
583 625
583 2597
583 5277
584 3697
584 3332
584 3062
585 5442
585 6631
585 6846
586 1491
587 665
587 1993
588 818
588 7484
589 4578
589 5171
589 1812
589 910
590 627
590 1315
590 2135
591 5408
591 6421
591 3512
591 733
591 1902
592 892
592 1420
593 3471
594 834
594 1427
594 4613
594 7947
594 6718
595 1617
595 3829
595 1161
595 2506
595 991
596 2063
597 1191
597 984
597 1753
597 2703
599 7847
599 680
602 8659
602 7417
602 4206
603 3584
603 1761
603 3468
604 7538
604 1642
605 997
605 1077
605 7654
605 4553
605 2394
606 633
606 8381
606 655
607 7984
607 856
607 2360
608 5076
608 6125
609 5058
609 4564
609 709
609 841
610 4371
610 1558
610 968
610 1561
610 2201
610 2284
610 7198
611 2772
611 715
612 5849
612 1306
613 9555
613 6020
613 614
614 1110
614 1851
615 9011
615 3978
616 816
616 2298
616 749
616 4845
616 1343
616 9535
617 661
617 7019
617 2588
618 1141
618 5004
619 658
619 9493
619 2761
619 8987
620 6141
621 6994
621 1347
621 8134
621 1703
621 4972
621 1437
622 3862
622 4523
623 1113
624 6002
624 3780
624 3094
624 734
624 2623
624 3103
625 8384
625 1506
625 773
625 3351
625 6398
626 6898
626 1059
626 3064
627 9074
628 1696
628 801
628 3345
629 1090
629 1608
629 6315
630 1842
630 2871
630 9641
630 6813
631 1330
631 790
631 9048
631 1869
632 642
632 8635
632 1292
632 2766
633 3946
634 4692
634 8445
635 1346
635 9059
635 5044
635 4506
636 7542
637 2258
637 1859
637 3303
637 5881
637 1020
637 3966
638 7088
638 8390
638 3817
638 1116
638 4015
639 872
639 846
640 1670
640 2734
641 3746
641 1354
641 1724
641 3087
642 9347
642 1732
642 918
643 2390
643 824
643 9433
643 1387
643 1038
644 2016
644 673
644 1592
644 988
644 863
645 802
645 9286
646 7043
646 8889
646 1067
647 1413
647 1062
647 8556
648 1235
648 8664
648 4827
649 4104
649 2617
649 1322
650 7857
650 1211
650 1070
651 1777
651 822
651 3370
651 3770
651 1804
651 8287
652 707
652 982
652 1695
653 2547
653 4788
653 9320
653 7290
655 1411
655 1079
656 740
656 5940
656 5718
657 7584
657 5652
657 5573
658 1169
658 5505
658 919
658 842
659 7859
659 5829
659 6250
659 2859
659 3213
660 4657
660 950
660 3881
660 5161
661 7185
661 805
662 1189
662 1766
662 1133
663 681
663 1275
663 8299
663 1308
664 8875
665 5937
665 949
665 1862
666 2140
667 3975
667 4941
667 7999
668 8532
668 1401
668 6539
670 7110
670 8983
671 1222
671 1479
671 5321
672 1424
672 2129
672 2561
672 1734
672 5241
673 9606
673 2158
673 2926
674 3002
674 3307
675 4170
675 3356
675 6206
675 6415
677 785
677 3043
677 4986
680 1446
680 1546
681 2025
682 2080
682 754
682 1845
682 3438
682 1807
683 704
683 8434
683 1830
684 1097
685 4232
685 1787
686 1700
686 2570
686 813
686 7805
686 1759
687 3762
687 1463
687 1751
687 4412
688 4071
689 6403
689 1228
689 1245
690 9728
690 5393
690 5958
690 876
690 3774
691 3936
691 1652
691 855
691 2285
692 2227
692 9575
692 5519
693 2922
693 7946
694 5154
694 5805
695 1810
695 1048
695 2043
696 1165
697 1939
697 3084
698 3616
698 3249
698 9685
698 2678
698 1032
698 2586
698 4123
699 2688
699 2230
700 2139
700 8335
702 4455
702 2671
703 7843
704 810
704 2573
704 4222
705 3606
705 4186
705 2973
706 1188
706 757
708 989
708 2446
709 1357
710 2193
710 771
710 911
711 3394
712 4275
712 894
712 2062
713 4836
713 971
713 1549
714 3123
714 8582
715 1680
715 2145
716 6097
716 4386
716 6324
716 5047
716 4301
717 2829
717 9821
718 3907
718 2053
718 2698
719 966
719 5895
719 3785
719 6731
720 897
720 1219
720 7502
721 4057
721 1005
722 1085
722 1725
723 1941
724 2539
725 5139
725 2695
725 969
725 1497
725 5036
725 7100
726 3760
726 8842
726 1023
727 5010
727 887
727 1944
727 5848
727 3387
727 6604
728 3219
728 954
728 5358
729 6833
729 7716
731 2032
731 1155
731 5414
731 9372
732 1972
732 4837
732 2633
733 8440
733 2425
733 4010
734 875
735 912
735 1045
735 3701
735 7381
735 7259
736 6670
736 975
739 2651
740 1073
740 2595
740 2550
740 1935
741 1383
741 1512
741 1210
741 1324
742 4098
742 7512
743 5137
743 8802
745 3626
746 1063
747 2533
747 4525
748 5763
749 2371
749 916
749 5668
749 1052
749 7885
749 3230
750 1850
750 4335
752 2167
752 1146
752 4347
753 865
753 1217
755 787
755 4235
756 9100
756 1327
756 2111
757 8177
758 4304
758 998
758 3000
758 2044
759 881
759 7018
759 2925
759 3373
759 8813
759 5855
760 7344
760 1256
760 1739
760 5007
761 8452
762 3699
762 4825
763 9088
763 6515
763 1432
763 8376
763 1050
764 2289
764 980
765 854
767 817
767 9674
767 2315
768 2930
768 8777
768 2428
768 4396
769 4033
769 2052
769 780
770 4048
771 1121
771 6116
771 8662
772 3154
772 869
773 871
774 7639
774 4954
774 1119
775 6976
775 7820
775 1214
776 2592
776 885
776 2905
776 5919
777 2082
777 901
777 1559
777 925
778 7377
778 1487
779 1232
779 8243
779 1965
780 8880
780 2209
780 9996
780 4063
781 1494
781 4841
781 4491
782 6352
782 9427
783 1362
784 2290
784 2982
785 1736
785 7278
786 4547
786 964
786 6364
787 8561
787 7618
787 1876
787 4107
788 2434
788 9239
788 3049
789 1249
789 1442
789 6402
789 5675
790 2480
790 884
790 1140
790 1574
790 847
790 7167
791 1236
791 1687
792 2241
792 2338
792 7362
792 1027
792 4243
793 2576
793 9333
793 4712
793 4203
793 1838
794 9601
794 1666
794 1177
794 2031
796 7905
796 4981
796 7623
796 2378
797 3574
798 7126
798 6730
799 1649
799 3557
799 1033
799 5433
799 1390
799 2159
801 2328
802 6546
802 2078
803 5107
803 5209
804 1589
805 9582
806 3168
806 2009
806 4458
807 1665
807 1572
807 4631
807 2936
808 903
808 4615
808 1247
808 6879
809 8272
809 932
809 1400
809 1625
809 1374
810 5779
810 9093
811 2146
811 1316
812 8771
812 2677
812 3115
812 7916
813 2432
813 3834
813 2108
814 2081
814 1042
814 1283
814 1321
814 877
816 882
816 8438
816 2839
817 3029
817 7365
817 4027
818 843
819 4339
819 1206
819 1529
820 6304
821 3281
821 4989
822 5733
822 2395
822 1645
823 5153
823 7793
823 2482
823 1757
823 6046
824 3364
824 3047
824 1934
825 1582
826 1002
826 1006
827 1104
827 2422
827 8333
828 1775
829 6385
829 1282
829 6232
829 3019
830 6516
830 1071
831 1298
831 7635
831 2667
832 3666
833 3232
833 883
833 2437
833 1069
834 4770
834 6909
835 5891
835 1511
835 1562
836 4106
837 7709
838 3955
838 3275
838 860
838 5773
839 4885
839 2008
840 4690
840 3870
841 2042
841 6861
841 974
841 2110
843 1329
843 1126
843 1833
843 9550
843 1647
844 1016
844 1081
844 1194
844 7918
845 1531
845 6043
846 7108
846 1196
846 4175
847 1075
847 3692
848 3957
848 1399
849 896
849 6400
849 8268
849 3405
849 3565
850 1826
850 4217
850 4415
851 7472
851 4259
851 1017
851 8189
851 3199
852 7129
852 1117
852 2414
853 993
854 3024
854 8478
855 3460
855 972
856 8779
857 3937
857 1352
857 3338
858 1078
858 2730
858 4351
859 2567
859 8591
860 3169
861 2993
861 3076
861 5726
862 944
862 1566
863 4129
863 1337
863 2971
864 5847
864 5112
864 1021
865 1259
865 1246
866 3555
866 1336
867 1024
867 1492
867 4037
867 2072
867 987
868 2994
868 5390
868 1455
869 3799
870 1953
870 1523
870 3204
871 3392
871 3362
871 1754
871 3612
872 3167
872 5071
873 3434
874 6551
875 1893
875 4165
875 6405
875 1590
876 1762
876 1606
876 1371
876 2283
877 1270
877 3287
877 1099
877 3531
877 2893
878 5348
878 1691
878 3163
879 1112
879 4734
880 3250
880 5474
880 3131
881 4454
881 2491
882 7219
882 6469
882 9528
882 3354
884 2024
884 4714
884 3710
885 5340
886 4096
886 5316
886 2987
887 3795
887 4563
887 6555
887 8076
887 3118
888 2192
888 1416
888 1899
890 1473
890 3245
891 6225
891 1770
891 1150
891 1535
891 2191
892 2100
893 3685
894 1120
894 3728
897 4695
897 2552
897 1295
898 9350
898 4013
899 2804
899 1254
900 5934
901 1881
901 8349
903 8388
903 2327
903 8711
903 2460
904 1040
904 3617
904 1912
904 5626
905 961
905 3767
906 2352
906 3426
906 4709
906 7830
906 4090
906 1693
907 5289
907 3850
908 2304
908 7378
908 1278
909 5475
909 1828
910 3379
910 2868
911 1025
911 9395
911 4589
912 1197
913 1252
913 1967
914 6882
914 1448
914 2217
914 940
915 8368
915 1061
915 4744
915 1705
915 2843
916 1715
916 9784
916 9950
917 1908
917 5453
917 1166
918 3664
918 1158
918 2662
918 5559
918 1291
919 8753
919 5557
919 7333
919 1677
919 2189
921 1498
922 2056
922 5276
923 1539
923 1396
923 2374
923 5446
923 1743
924 1380
925 2402
925 1092
926 6837
926 2952
926 4554
927 1319
927 3223
927 3180
929 5783
929 7977
929 2493
930 2369
930 1858
930 1987
930 1925
930 7306
930 4367
931 3793
931 1943
932 3457
932 2648
932 937
932 8345
932 1068
932 2877
933 7986
933 5542
934 1312
934 7013
935 1200
935 2438
935 2968
935 1229
936 6708
936 3534
937 6277
938 6226
938 1044
938 6534
938 1785
938 9420
939 2416
939 8593
939 1115
940 1187
940 1162
941 5012
941 6100
941 1258
941 5871
942 6912
942 1825
942 2661
942 3336
942 5918
943 7893
944 5362
944 3267
945 3334
946 1224
946 1053
946 2365
947 1749
947 4447
948 1729
948 2789
948 1855
949 7287
949 2301
949 2223
950 3009
950 6259
950 4069
950 2013
951 4593
951 1358
951 1951
952 1792
952 3971
953 5717
953 4344
953 4700
953 2765
954 9357
954 7263
955 2208
955 1202
955 9563
955 4621
956 3585
956 3254
957 2850
957 1238
957 1095
958 1174
958 2346
958 8845
958 5119
959 5793
959 9463
959 6905
959 1596
959 2253
960 1654
960 3053
960 2894
961 9905
961 2197
962 9475
963 7368
965 1139
965 7017
966 6818
966 5827
966 1686
966 1257
967 3869
967 5487
968 4074
968 4266
968 6395
969 2090
969 5103
970 8056
970 7901
971 7104
972 8856
972 2381
973 1733
973 1304
973 5976
973 1615
974 5552
974 2959
975 6180
975 3655
975 4702
976 3952
976 2801
976 6027
977 1844
977 1609
978 1218
978 7894
978 2504
978 8735
979 6777
979 5343
980 7005
981 2707
981 4467
981 5563
982 1657
982 3005
983 3812
983 9303
983 1948
984 1276
985 4342
985 1513
986 4368
986 8743
986 2015
986 3775
987 5992
987 2650
987 8461
988 5716
988 6004
988 5369
988 1403
988 1279
989 4882
990 3604
990 9384
992 7647
993 9327
994 1638
994 2587
994 4863
995 1540
995 6014
996 4064
996 1208
996 4601
997 3201
997 1794
997 1348
997 1317
997 2602
997 9082
997 9630
998 1008
998 6685
999 5405
999 6527
1000 1072
1000 3940
1001 7250
1001 2099
1001 4164
1001 3495
1001 1338
1001 2046
1001 2207
1002 4050
1002 4007
1002 6186
1002 8603
1003 1083
1003 7678
1004 1570
1006 5612
1006 3119
1007 1992
1008 5617
1008 3715
1008 4200
1008 1034
1008 1339
1009 6658
1009 6866
1009 1109
1009 2503
1010 5776
1010 1226
1010 3372
1011 8069
1011 7303
1011 1082
1012 1239
1012 2427
1012 1679
1013 1748
1013 5597
1014 1674
1014 8250
1014 4207
1014 4751
1015 2551
1015 3485
1016 2581
1017 1086
1017 7055
1018 1046
1018 9738
1019 1524
1019 2152
1020 4084
1020 3766
1020 5401
1020 3805
1021 2976
1021 1521
1021 4562
1021 4746
1022 4343
1022 7870
1023 1459
1023 2566
1023 2412
1024 2050
1024 2653
1025 3333
1025 1103
1026 1398
1026 8726
1026 1370
1027 4673
1028 1204
1028 1542
1028 1646
1028 9727
1029 3382
1030 3222
1030 2622
1030 1599
1031 1717
1031 5781
1031 4735
1032 7651
1032 2248
1032 2424
1033 1037
1034 2720
1034 2914
1034 8210
1035 9393
1035 5093
1036 1620
1036 1367
1036 1450
1037 7732
1037 4088
1037 6988
1037 4237
1038 1225
1038 4271
1039 3298
1039 1988
1039 2636
1039 7583
1041 6218
1041 3004
1042 5068
1042 5676
1042 8748
1042 5295
1044 3384
1044 2396
1045 1985
1045 1690
1045 2458
1045 1132
1046 2058
1047 4122
1047 4891
1048 6641
1048 8721
1048 1195
1049 2785
1049 8443
1049 1484
1049 1199
1050 1537
1050 1675
1050 1903
1051 1541
1052 3346
1052 1178
1052 1978
1052 4282
1052 4670
1053 5465
1053 1663
1054 7026
1054 6156
1055 6550
1056 6082
1057 3698
1057 9353
1058 5585
1058 2229
1058 3782
1058 2028
1059 1718
1059 6255
1060 2453
1060 6862
1062 9232
1062 6650
1062 1661
1062 1310
1062 6494
1063 9938
1063 6649
1064 9605
1065 3444
1066 9174
1066 9787
1067 1280
1067 1426
1067 2517
1068 2920
1068 1129
1068 9225
1068 1309
1069 4208
1069 3556
1069 1573
1069 1880
1070 1565
1071 2747
1071 7483
1072 5702
1072 2441
1072 6653
1073 1233
1073 3174
1073 6504
1073 4604
1073 4191
1074 7973
1074 1167
1075 1127
1077 1568
1077 2017
1077 2605
1078 1616
1079 6285
1080 9366
1081 2448
1081 4802
1081 1439
1083 1172
1083 8795
1085 2516
1086 7492
1086 9976
1086 4443
1087 1719
1088 9435
1088 1534
1088 8558
1088 9247
1090 1907
1090 2101
1091 3635
1093 1651
1093 2355
1093 4675
1094 4719
1095 2002
1095 2630
1095 4247
1095 6040
1095 1918
1096 1607
1096 3071
1097 5040
1097 7746
1098 6790
1098 2860
1098 2286
1099 3908
1101 2234
1102 5185
1102 1122
1102 2782
1103 6961
1103 3173
1103 2791
1103 7994
1103 5324
1104 1332
1104 1243
1104 6268
1105 4081
1105 4173
1106 8128
1106 1585
1106 5226
1106 9037
1106 1999
1108 6044
1109 2114
1109 2194
1109 1587
1109 3796
1109 2232
1109 1738
1110 1793
1111 1288
1111 7304
1111 1710
1112 4669
1115 1173
1115 9637
1115 1241
1116 6932
1116 8276
1118 5968
1119 2330
1120 4361
1120 4988
1121 3186
1122 1476
1123 3722
1124 1266
1124 7048
1125 1520
1125 6272
1125 6433
1125 1637
1125 1767
1125 7948
1126 1538
1126 2116
1126 2244
1126 3284
1126 2846
1126 1151
1127 1938
1127 1364
1127 4757
1127 7464
1127 3630
1127 8030
1128 5961
1128 4635
1128 5019
1128 4540
1128 1837
1129 1183
1130 7265
1131 8770
1131 1307
1131 4782
1132 4440
1133 5794
1134 1664
1134 5797
1135 4128
1135 5216
1135 3618
1136 6227
1136 1405
1136 5566
1137 1684
1137 9431
1138 1269
1139 1730
1139 1829
1139 4151
1139 6215
1139 1530
1139 3371
1140 5574
1141 1345
1141 3389
1141 4943
1142 7953
1142 1624
1142 9753
1142 1806
1143 1971
1143 4494
1145 3325
1146 4068
1146 3099
1147 4419
1148 1268
1148 3291
1148 3420
1149 1300
1149 6229
1149 1622
1149 7754
1150 7031
1150 2476
1151 3172
1152 4100
1152 4124
1153 2497
1153 7089
1153 4835
1153 1575
1153 2120
1153 9800
1153 7882
1155 2177
1157 7120
1157 6012
1158 1641
1158 1180
1160 2913
1160 3510
1160 1628
1161 5533
1161 8221
1162 1171
1163 4242
1163 6805
1164 2163
1164 2743
1164 1501
1165 1811
1165 1894
1165 1655
1165 7704
1165 5582
1166 1605
1166 3734
1166 2764
1166 1262
1166 9439
1167 2161
1168 3317
1168 6922
1169 1683
1169 4295
1169 4776
1169 1929
1170 2844
1171 4433
1171 5619
1171 7277
1172 2368
1172 3344
1172 2487
1173 1286
1173 8621
1173 4767
1174 5424
1174 1731
1175 1425
1175 4754
1175 7524
1176 1193
1176 1614
1177 2492
1177 3021
1178 2097
1178 7227
1179 3121
1179 4898
1180 6967
1182 2933
1182 1676
1183 4960
1184 3074
1184 4355
1185 2958
1186 9926
1186 2343
1186 2359
1187 6963
1187 1369
1187 1727
1189 6092
1189 2030
1190 1631
1191 4991
1193 1563
1194 6017
1194 1977
1194 1626
1194 7262
1195 2736
1195 3621
1195 5338
1195 2239
1196 1508
1196 2598
1197 5792
1197 2821
1197 4294
1198 6770
1198 2525
1198 3597
1198 5359
1199 8881
1199 9538
1200 2500
1200 5669
1200 2903
1201 4327
1201 3435
1202 6913
1202 4739
1202 2165
1202 8745
1202 2906
1203 7494
1204 1365
1204 2070
1204 1735
1204 6841
1204 4060
1204 8542
1205 2832
1205 1503
1206 4736
1207 4570
1208 1504
1208 8751
1209 2007
1209 3581
1210 1818
1210 7149
1211 3297
1211 8324
1211 3398
1212 4300
1213 8122
1214 8565
1215 2210
1215 8319
1216 5622
1216 1848
1216 7594
1217 4976
1217 4034
1217 9289
1218 4804
1218 6584
1219 4678
1219 2151
1219 4987
1222 2242
1222 2450
1222 5210
1222 1741
1222 4605
1222 1550
1223 3236
1223 7493
1223 2103
1223 6009
1223 2314
1223 7101
1224 1409
1224 5772
1224 4509
1225 2833
1225 3403
1226 1745
1226 1474
1226 1449
1226 1404
1227 1768
1227 6319
1228 8767
1229 4794
1230 1240
1230 2318
1231 2435
1231 6883
1232 3651
1232 3335
1232 6024
1232 1662
1234 6977
1234 9115
1235 1697
1235 8530
1235 3798
1235 2445
1236 4785
1236 7363
1236 3974
1236 3927
1236 2170
1238 2608
1238 9313
1238 3917
1239 5912
1240 1272
1241 2094
1241 5583
1242 4402
1242 6162
1242 1485
1243 3090
1243 2990
1243 1263
1244 9032
1245 5882
1245 3918
1246 2624
1246 5907
1246 8245
1247 5353
1248 1968
1248 3744
1248 8883
1249 3091
1250 2224
1250 6792
1250 2185
1251 7576
1252 9492
1253 5459
1253 2975
1254 5020
1254 2863
1255 3826
1255 2121
1256 4401
1256 4861
1258 3633
1258 7988
1258 1702
1258 5339
1258 2156
1259 1552
1259 9554
1259 3083
1259 6923
1259 9868
1262 4806
1262 6937
1264 2609
1264 2260
1264 2183
1265 1841
1265 2069
1265 1879
1265 3208
1265 8095
1267 7431
1268 3170
1268 1588
1268 6008
1268 2810
1269 3707
1270 1583
1272 3841
1273 3466
1273 2351
1275 9735
1275 2969
1275 1852
1278 4594
1278 4424
1278 1644
1278 3517
1278 1326
1279 7638
1280 3669
1280 1519
1281 1381
1282 5286
1282 1368
1282 2426
1282 5804
1283 4117
1283 4671
1284 9141
1284 1577
1284 1418
1284 7067
1285 1297
1285 4279
1285 1469
1286 2912
1286 3691
1287 7804
1288 2001
1288 3253
1288 2778
1289 2502
1290 9298
1290 2387
1290 1406
1291 9217
1291 6565
1291 9337
1291 2077
1291 7741
1291 2655
1292 1983
1293 2377
1295 2340
1295 1867
1296 4566
1297 8789
1297 3740
1297 3469
1297 1839
1298 2675
1298 3194
1298 2415
1299 4003
1299 4762
1300 6592
1300 3525
1300 3483
1300 5742
1301 1543
1302 1706
1302 3035
1303 3431
1303 1821
1304 3424
1304 3196
1305 4075
1305 1854
1306 1414
1306 3433
1307 1328
1307 4179
1307 4359
1308 9154
1308 1704
1308 3758
1309 2784
1309 1569
1309 6267
1309 1373
1310 5184
1310 7873
1311 1904
1311 1995
1312 8099
1312 4743
1313 7218
1313 1964
1313 4606
1314 5315
1314 5464
1314 3563
1316 9083
1316 8684
1317 1857
1317 8671
1318 2131
1318 4591
1319 6709
1319 1931
1319 8447
1320 1516
1320 1822
1321 3314
1321 1701
1322 3730
1322 4086
1322 4463
1323 9831
1324 5431
1325 2704
1325 4848
1326 2548
1328 1656
1328 3596
1329 3928
1329 9194
1330 3225
1331 5748
1331 3589
1331 1740
1331 5741
1334 9937
1334 3110
1336 3393
1336 7748
1337 4133
1337 3883
1337 1342
1337 2335
1338 9272
1338 8927
1339 2398
1340 4322
1340 5386
1340 3627
1341 1954
1341 3988
1341 4389
1341 1991
1341 1976
1342 1952
1342 2465
1342 3683
1342 2916
1343 8760
1344 3620
1345 5330
1346 2489
1348 3454
1349 4193
1349 2089
1350 9665
1350 2057
1350 3277
1352 5859
1352 1769
1352 6153
1352 3515
1353 4210
1353 3609
1353 5290
1353 1548
1354 2578
1354 5639
1354 9113
1354 1471
1354 6239
1355 2841
1356 4839
1356 9467
1356 4414
1359 3681
1359 9969
1360 7063
1360 4555
1361 7237
1362 8905
1366 7649
1367 8741
1368 1397
1368 3830
1368 1436
1369 6630
1369 3054
1370 3360
1370 3106
1370 3410
1373 1591
1373 3631
1374 2760
1374 2553
1374 4025
1374 7181
1375 2277
1376 1493
1376 1527
1377 2202
1378 4228
1378 1864
1379 2716
1380 2147
1380 9157
1380 2331
1381 8436
1381 2091
1382 7171
1382 4420
1383 2083
1383 7989
1386 1728
1386 7096
1386 2383
1387 2018
1387 2372
1388 1430
1388 3097
1388 8862
1389 1525
1389 6118
1389 3530
1389 5037
1390 3693
1391 4094
1392 7113
1393 6337
1394 3706
1394 5647
1395 7652
1395 2269
1396 4656
1396 6326
1396 4760
1397 1682
1397 1621
1397 6439
1397 7258
1397 2123
1397 2268
1397 8188
1398 3844
1399 2133
1400 5189
1401 1779
1401 4680
1401 6460
1401 2237
1402 5872
1402 2715
1402 6076
1403 5073
1403 5828
1403 2281
1404 1650
1404 7955
1404 1924
1404 6854
1404 6633
1404 9259
1406 2822
1406 1528
1406 2568
1406 6137
1407 6768
1407 4350
1408 7029
1409 1909
1409 3032
1409 3292
1409 2270
1410 1556
1410 2073
1411 9797
1411 8808
1412 6520
1413 3696
1413 4223
1414 2216
1414 7130
1414 4955
1414 5195
1415 9663
1417 1878
1418 9109
1418 6470
1418 3353
1418 1994
1418 6943
1419 1465
1420 3731
1420 3943
1421 9928
1421 3919
1422 5344
1422 6512
1422 8424
1423 2251
1423 5437
1424 2546
1424 4708
1424 2938
1426 2560
1426 1526
1426 1496
1427 1457
1429 1595
1430 4950
1430 5023
1431 3448
1432 2788
1432 6488
1432 4889
1432 2590
1433 1956
1433 1847
1433 4679
1433 1466
1433 8778
1433 1756
1433 3422
1435 5526
1435 4103
1437 3178
1438 9552
1438 3045
1439 5466
1440 2388
1441 4318
1442 2631
1442 5131
1443 2181
1443 4076
1443 5485
1445 1560
1446 1633
1446 6374
1447 3136
1448 2728
1448 1452
1449 4838
1449 2138
1449 8348
1450 3986
1450 2724
1450 1917
1450 6462
1452 1789
1453 9024
1455 6595
1455 7079
1456 7570
1458 8973
1460 8645
1460 2153
1460 5993
1460 4747
1460 2508
1460 4526
1461 4032
1461 9652
1461 3879
1462 2122
1463 2577
1463 3130
1464 2656
1464 2307
1464 5539
1464 2524
1464 2830
1465 7240
1466 3288
1466 3085
1467 9443
1467 2037
1467 4469
1468 1863
1468 4239
1469 6532
1470 2706
1470 1514
1470 2255
1471 5410
1471 5380
1471 9960
1471 3052
1472 2599
1473 3797
1473 4550
1473 5527
1473 3839
1474 2451
1474 6314
1476 5544
1477 6611
1477 1802
1478 7393
1478 3481
1478 4793
1479 2276
1479 3924
1479 2029
1480 5569
1480 6174
1481 2752
1481 4968
1481 8365
1483 1553
1483 3339
1483 6892
1484 5102
1485 1576
1485 3608
1485 3257
1486 2262
1486 2173
1486 7038
1488 4674
1488 2291
1488 2856
1488 5467
1489 8295
1490 3853
1490 5981
1491 7024
1491 3458
1491 8712
1492 2119
1492 4105
1492 1594
1493 2625
1494 7288
1495 2051
1495 1509
1495 4949
1495 7399
1495 2861
1496 7605
1496 5256
1497 7840
1498 4416
1498 5030
1498 7111
1498 2682
1498 2027
1498 9039
1499 9285
1499 1545
1499 5261
1501 2143
1502 9832
1503 9911
1503 4024
1503 1913
1504 1554
1504 1604
1505 6572
1506 5581
1507 2036
1507 4504
1509 3714
1509 3187
1509 3348
1509 2807
1509 6681
1512 1536
1512 3013
1512 1597
1512 6655
1513 6434
1513 4809
1514 5575
1514 2845
1514 3117
1516 2988
1516 2014
1518 2867
1518 1805
1518 7309
1520 2947
1521 5157
1522 1714
1522 2787
1522 1866
1522 6717
1523 6336
1523 5673
1524 5877
1524 3238
1524 6071
1525 5396
1528 2213
1529 1747
1529 2584
1530 6001
1530 1846
1530 4620
1531 2039
1532 2672
1532 1957
1533 7429
1534 4287
1535 4913
1535 2611
1535 7036
1537 8575
1538 2645
1538 5880
1538 2047
1539 2855
1539 4633
1540 6196
1540 6949
1540 2779
1540 5151
1542 2676
1542 3093
1542 8598
1542 3463
1543 1984
1543 9413
1543 5771
1544 7957
1544 3270
1544 4524
1545 1711
1545 2527
1546 8804
1546 5883
1547 3363
1548 2440
1548 4733
1549 1713
1549 8217
1550 3328
1550 3092
1550 5594
1550 2908
1551 6497
1551 4330
1551 3518
1552 3057
1552 2006
1554 8496
1554 6947
1554 2309
1555 8648
1556 4921
1557 4967
1557 3176
1557 2399
1558 3886
1559 5643
1561 2324
1562 2198
1562 1627
1562 4044
1562 2142
1564 4560
1564 4833
1564 3400
1564 8636
1565 2375
1566 5898
1567 7204
1567 7871
1568 2413
1569 2687
1570 1600
1570 6053
1570 6389
1570 1975
1570 7783
1570 2250
1572 4150
1572 6296
1572 4556
1573 7863
1573 5051
1574 7876
1574 7093
1574 5271
1574 2171
1575 5608
1576 2569
1576 6521
1577 4180
1579 1946
1579 9770
1580 4640
1580 7155
1580 7311
1581 7622
1581 2059
1582 6327
1583 3096
1583 3295
1584 8105
1585 3367
1585 9773
1586 8791
1587 3081
1587 3677
1588 3028
1589 2535
1589 2136
1590 8897
1590 9364
1590 9432
1591 5744
1591 6563
1592 2725
1593 4947
1593 7717
1593 9021
1594 7154
1594 4484
1594 2901
1594 4270
1595 2911
1596 3680
1596 5719
1596 7432
1596 4843
1597 4619
1598 5072
1598 9457
1599 5108
1599 2104
1599 2092
1599 6254
1600 8913
1600 4910
1601 4292
1603 3202
1603 1763
1603 6613
1603 9835
1606 4894
1609 2464
1609 9655
1610 2985
1610 3852
1611 1796
1612 4252
1612 2574
1613 2102
1613 5496
1614 1618
1614 7106
1614 7234
1614 1784
1615 7629
1615 2558
1616 4127
1617 2585
1617 7981
1618 4628
1618 1973
1619 1814
1619 9287
1619 4488
1620 5986
1620 3246
1621 6098
1621 3945
1622 1685
1622 7286
1622 2471
1622 7415
1622 3544
1622 4058
1622 1998
1622 4430
1622 4559
1623 1824
1624 6449
1625 5266
1626 3216
1626 8353
1626 5801
1627 7127
1628 1820
1629 3252
1630 5750
1630 6473
1630 1722
1631 2011
1631 4078
1632 5197
1633 4823
1633 4474
1633 6495
1634 2433
1634 7753
1634 5148
1635 9881
1635 1803
1637 3205
1637 1660
1638 5904
1638 8986
1639 2361
1640 2612
1641 8022
1641 5501
1642 2065
1642 3218
1642 3876
1642 7370
1643 6231
1643 5870
1644 2762
1644 4716
1646 4230
1646 6761
1647 1808
1647 9537
1647 4772
1649 1712
1649 6704
1649 3010
1649 6394
1649 2718
1650 1990
1651 2326
1652 5802
1652 3132
1653 3184
1653 3304
1653 6380
1653 5725
1653 9838
1654 1746
1654 2169
1655 2038
1656 7073
1656 3211
1656 5230
1657 4216
1657 9370
1658 4489
1658 2794
1660 2160
1660 3554
1660 7187
1660 2358
1660 5816
1661 3248
1661 2389
1663 1773
1664 4580
1664 5593
1665 2739
1666 5333
1667 2196
1669 2179
1669 3319
1669 2350
1670 7555
1670 3848
1671 9458
1671 8515
1671 6073
1671 3979
1672 1936
1672 3427
1672 3994
1672 9661
1673 2627
1673 3411
1673 5787
1673 9629
1675 9057
1676 4019
1677 3587
1678 2945
1678 4199
1679 2501
1680 4582
1680 9119
1681 2658
1683 3938
1683 9717
1683 2620
1684 2664
1684 2442
1684 9258
1686 8624
1686 6706
1686 3467
1687 4480
1687 2180
1687 6919
1687 4137
1687 3231
1688 3763
1689 4372
1690 3001
1690 3147
1691 5667
1691 4822
1691 3144
1693 2356
1693 6088
1693 3849
1694 8803
1694 4149
1695 8395
1696 3221
1696 3451
1696 5646
1697 6114
1697 3860
1697 1877
1698 1843
1698 3182
1698 2127
1699 4597
1700 4384
1700 9920
1701 2591
1702 2075
1703 3026
1703 5317
1704 2962
1704 1836
1704 1870
1705 1744
1705 4184
1706 8192
1706 3654
1707 4477
1707 6190
1708 2870
1708 4763
1709 5699
1709 1823
1710 3075
1710 2188
1710 2238
1711 2443
1712 5670
1713 9209
1715 8583
1715 3148
1716 1892
1716 2087
1717 6642
1717 1974
1717 3562
1717 3355
1717 6284
1717 5165
1717 5469
1718 1849
1718 9724
1718 9791
1719 6533
1720 3114
1724 3784
1724 2889
1725 9924
1726 5814
1726 6313
1727 5672
1729 2758
1729 3302
1729 2999
1731 2357
1731 1799
1732 8164
1732 4953
1732 1933
1733 2961
1734 3909
1734 3447
1734 3641
1735 1776
1735 4945
1735 2370
1735 7839
1736 4724
1736 3143
1736 2107
1737 4278
1737 4759
1737 1834
1738 9979
1739 2452
1741 3127
1741 9513
1741 4940
1742 4111
1744 3863
1744 5415
1744 6409
1744 6108
1745 5254
1747 9346
1747 4056
1749 3603
1749 3017
1749 2490
1750 9955
1751 7874
1751 4652
1752 6152
1752 4876
1753 3761
1754 2466
1755 3506
1755 8483
1755 2756
1755 3285
1755 2537
1756 8538
1756 3406
1757 2593
1757 4543
1758 2732
1759 6781
1759 2478
1760 5084
1761 6968
1762 1778
1762 1922
1762 3061
1762 2921
1762 3402
1763 2303
1764 6426
1764 3260
1765 3958
1765 3801
1765 4121
1766 6368
1766 2692
1766 4134
1766 3704
1767 8848
1767 2386
1767 8402
1767 6166
1767 9803
1768 2294
1769 4226
1769 8514
1770 8354
1771 4002
1771 4334
1772 6467
1772 2200
1772 6729
1773 9454
1773 6623
1775 2049
1775 2919
1776 4197
1776 3437
1777 6688
1777 7408
1777 3207
1777 7546
1778 4850
1778 7900
1779 1819
1780 3832
1780 9149
1781 2836
1782 5032
1783 2666
1787 5939
1787 9096
1788 3643
1788 3614
1789 2515
1789 6391
1790 1891
1791 4257
1792 2746
1793 2594
1795 2348
1797 2771
1797 2164
1798 3882
1799 2663
1799 3708
1800 2834
1801 3442
1801 2084
1801 2447
1802 2274
1802 2457
1803 6170
1803 2302
1803 3727
1804 1901
1804 5373
1805 8497
1805 4790
1805 2521
1805 8700
1806 3675
1806 2109
1806 6557
1807 5507
1807 3429
1807 3366
1808 6942
1809 2401
1809 2927
1810 4385
1810 6609
1811 3139
1811 3800
1811 9480
1811 6236
1813 8507
1813 6844
1814 1840
1814 3667
1815 7960
1816 3488
1816 6228
1816 3993
1817 3753
1818 2186
1819 6275
1819 4390
1821 2777
1821 2557
1824 2469
1824 2264
1824 8282
1825 2744
1827 9983
1828 3088
1828 2305
1828 8580
1828 9828
1828 2909
1830 3105
1830 8325
1830 1981
1830 9917
1831 1900
1831 4687
1832 3889
1832 3650
1832 1966
1833 8704
1833 9872
1833 4632
1834 5650
1834 8130
1834 7416
1834 2345
1836 2575
1837 6246
1837 4824
1837 4411
1838 7091
1839 2124
1841 9775
1842 2391
1843 2297
1843 2811
1844 5536
1844 7968
1844 8935
1844 8938
1845 4320
1845 6273
1845 2190
1846 1856
1846 7190
1846 3640
1846 3625
1846 8330
1846 5263
1847 7697
1847 3992
1848 7729
1849 6224
1850 5200
1850 4900
1850 2635
1850 6207
1851 2067
1851 1996
1851 8734
1852 4436
1854 2026
1854 2556
1854 8572
1855 8057
1856 2125
1857 4112
1858 1928
1859 2738
1859 2172
1859 2463
1860 5790
1861 5728
1861 3171
1862 3300
1862 4405
1862 3533
1862 6925
1863 2541
1863 3022
1865 6669
1867 8091
1868 2003
1868 5640
1869 5537
1869 2461
1870 7346
1870 5235
1870 7467
1870 4844
1871 2898
1871 6722
1871 5091
1871 7848
1872 4959
1873 8898
1874 3280
1874 8714
1876 2513
1876 2505
1876 5083
1876 8318
1878 1884
1879 3600
1879 2733
1879 2702
1880 8203
1882 1888
1882 2405
1882 3741
1882 2719
1884 5637
1884 2204
1885 2048
1885 7042
1885 2045
1885 7134
1886 3861
1886 3990
1887 5665
1887 7281
1887 8746
1888 8304
1888 9991
1888 2697
1890 6203
1890 8235
1890 6926
1891 2306
1892 3111
1892 3066
1893 4051
1893 1910
1893 2278
1895 8692
1896 7480
1897 3283
1897 4791
1897 5743
1898 5332
1899 3423
1900 2712
1900 3036
1900 2271
1901 2257
1901 7297
1901 3428
1901 8277
1902 2178
1902 2184
1904 4752
1904 4899
1906 8800
1906 3768
1907 6214
1907 1927
1908 7523
1908 3044
1908 8031
1910 4936
1910 3417
1911 2579
1912 6746
1913 5009
1913 5378
1913 9484
1914 6323
1914 9214
1915 4240
1915 7841
1915 6475
1916 6133
1918 5314
1918 6659
1919 3954
1919 7860
1919 2149
1919 8310
1921 2473
1921 2266
1922 3318
1922 7838
1923 2693
1923 5754
1923 2093
1925 3073
1925 7718
1926 2641
1926 5874
1926 4694
1926 7945
1926 9321
1928 7280
1928 8884
1929 7427
1930 6662
1931 9177
1932 2937
1933 3352
1934 4966
1934 6381
1936 2336
1938 8839
1939 5042
1939 8227
1940 3888
1940 9045
1940 5318
1940 3723
1941 6819
1942 6992
1944 7395
1944 5509
1944 9788
1944 4190
1945 4030
1946 8675
1948 2112
1948 5145
1949 3904
1949 4464
1950 2380
1950 5820
1951 2657
1951 9025
1951 9725
1952 5125
1952 9293
1953 5092
1953 2565
1953 6329
1954 2263
1954 9212
1955 2849
1955 9624
1957 3264
1958 2580
1958 3206
1958 8103
1959 7094
1960 3082
1962 2211
1963 4625
1963 5738
1963 5115
1965 5222
1965 2206
1966 2126
1968 7646
1970 6000
1970 2674
1970 2020
1970 2891
1971 2449
1971 2254
1973 5747
1974 3320
1974 2459
1975 9936
1975 7124
1976 9202
1977 4147
1977 2071
1977 4174
1978 8063
1978 9375
1979 2518
1979 3964
1980 9970
1980 5711
1981 4444
1981 4399
1982 8073
1983 7888
1984 3749
1984 5590
1984 9256
1984 8559
1988 4522
1989 3802
1989 2750
1990 4849
1990 7778
1990 2310
1990 2074
1991 6184
1992 5561
1992 2939
1992 3855
1993 8211
1994 8222
1994 3935
1995 5951
1997 2231
1998 6529
1998 6244
1999 7705
2000 2555
2003 6176
2003 2691
2003 2061
2004 7189
2006 2064
2006 6834
2007 4023
2007 8829
2009 6982
2010 3315
2010 8871
2012 3473
2012 2418
2012 2696
2012 3209
2013 7580
2014 3522
2014 5323
2016 7379
2019 2857
2019 3305
2019 3961
2019 5614
2020 3450
2021 6117
2021 3499
2022 6480
2022 9410
2022 8477
2023 7809
2023 2948
2024 3989
2024 9510
2024 8140
2025 3846
2025 8518
2025 5262
2026 8722
2026 7740
2028 5364
2028 5477
2029 7153
2029 7906
2029 4579
2030 2485
2031 5969
2031 2858
2031 2924
2032 2148
2032 2923
2033 7302
2033 2967
2033 3051
2034 2085
2035 5732
2036 4115
2036 6253
2037 3629
2038 8416
2038 2882
2038 4227
2038 9893
2038 5545
2038 5166
2039 2496
2040 2076
2040 8605
2041 3976
2042 3559
2044 2768
2044 2423
2044 7656
2045 4867
2045 4740
2045 5384
2045 8920
2045 4815
2046 3041
2046 3324
2046 6030
2046 7166
2049 2745
2049 3116
2049 3390
2050 8953
2050 2317
2052 2731
2052 4539
2053 2686
2053 6303
2054 4769
2054 2095
2055 5906
2055 9683
2055 2280
2058 5809
2058 4052
2059 8011
2060 6306
2061 8025
2062 5604
2062 2824
2063 2885
2064 8944
2064 2479
2065 3968
2065 2951
2066 8801
2067 4545
2068 7587
2069 2322
2071 2408
2072 6451
2072 2267
2073 2353
2073 2899
2073 7414
2074 3299
2074 3541
2074 7069
2075 4434
2075 7206
2076 9785
2077 2182
2077 2950
2077 4198
2077 4872
2078 2444
2080 4383
2081 8115
2084 2393
2085 3887
2086 3913
2086 4473
2086 4974
2087 3941
2088 5248
2088 8815
2089 5844
2089 7060
2089 8681
2091 7440
2093 2753
2093 2333
2093 6590
2095 8594
2096 3897
2098 5589
2099 2727
2099 2840
2099 8380
2100 3040
2100 4102
2100 5833
2101 9521
2102 8823
2103 3068
2104 3337
2105 8824
2106 6509
2107 2225
2107 8417
2107 3138
2107 3255
2107 7983
2109 2900
2109 8758
2109 7404
2109 7613
2110 4212
2110 3751
2110 2632
2110 2410
2110 5357
2111 5365
2112 3528
2112 2637
2112 3566
2113 2705
2114 3642
2114 4875
2115 2296
2116 5873
2116 4153
2116 3951
2116 6671
2118 3233
2119 4158
2119 8606
2120 6129
2121 2157
2122 2259
2123 3050
2123 6955
2124 3984
2124 7144
2125 2538
2125 6124
2126 4020
2126 4505
2126 4142
2127 6288
2128 3056
2130 4209
2131 9114
2131 4110
2132 5713
2132 7607
2133 7878
2133 9734
2133 5484
2134 5122
2134 5861
2137 2770
2138 2514
2138 4188
2139 3308
2140 2649
2140 2334
2141 3329
2142 2455
2142 3482
2143 5522
2144 3755
2145 3060
2146 2978
2146 5758
2147 6178
2148 2800
2149 2881
2149 3539
2149 7558
2149 7886
2150 3478
2150 3197
2152 2249
2155 6200
2156 2545
2156 8701
2156 7822
2157 5996
2158 2713
2159 5407
2161 7856
2161 2628
2161 2918
2161 4346
2161 5514
2164 6058
2165 7136
2165 9058
2165 4507
2165 2205
2166 8691
2166 5720
2166 6491
2167 2820
2167 4951
2167 6951
2168 2467
2168 4163
2168 9148
2169 5878
2170 2907
2171 7334
2171 6205
2172 3095
2174 9616
2174 3921
2174 5463
2174 4169
2175 6542
2177 2884
2179 3034
2179 4573
2185 7827
2185 8548
2185 6086
2185 7118
2187 8900
2187 3502
2188 4818
2188 7282
2188 3526
2188 7481
2189 7514
2190 3200
2190 5813
2190 8150
2191 2838
2192 9795
2192 2222
2193 4449
2193 2199
2194 4541
2195 5682
2195 3910
2195 7366
2195 8682
2196 4711
2198 5856
2198 4360
2199 2929
2199 2783
2200 5683
2201 3564
2203 5500
2205 4496
2205 6693
2205 2364
2206 8484
2206 2397
2206 4045
2208 6021
2208 6187
2209 4963
2209 9708
2210 4435
2213 5120
2213 5896
2213 6682
2214 7744
2214 5170
2214 2823
2214 5599
2215 4944
2215 4373
2217 2816
2218 8264
2218 3407
2219 9712
2219 4887
2219 7738
2220 4610
2220 4677
2220 2878
2220 2943
2223 5244
2224 3377
2224 3306
2225 3274
2226 3833
2227 4423
2227 5917
2227 3327
2228 9659
2229 2991
2231 2342
2232 8364
2233 3341
2235 6474
2235 4956
2237 2673
2237 4323
2238 6069
2238 9145
2239 3441
2240 8320
2241 3446
2241 9382
2242 8336
2242 9351
2244 2337
2244 2659
2244 5957
2245 6112
2246 2534
2246 5113
2248 4829
2249 7248
2250 2815
2251 5680
2253 3031
2254 8016
2254 3750
2255 8677
2256 3792
2256 7711
2257 2616
2260 2583
2260 7530
2261 5532
2262 2902
2262 2347
2263 3690
2269 8821
2269 3567
2270 4720
2270 5026
2270 5543
2270 3960
2270 3674
2271 9240
2272 6068
2272 6486
2272 5213
2273 3521
2273 4614
2273 3227
2275 3244
2276 6161
2276 3703
2277 7842
2277 6047
2278 6471
2278 3256
2278 5225
2278 6249
2279 5666
2279 9627
2280 2748
2281 9429
2281 5894
2283 3890
2284 2470
2285 3014
2286 9160
2286 2683
2286 3582
2287 4856
2287 5279
2288 2385
2288 3226
2288 3421
2290 7666
2291 2321
2291 8435
2293 5011
2294 3449
2295 7962
2295 6109
2296 9029
2297 5413
2297 6714
2298 7273
2299 6294
2300 3831
2300 3736
2301 2382
2302 6169
2302 6747
2304 4326
2304 5278
2305 3265
2305 2776
2305 3067
2305 5982
2306 2979
2306 6149
2306 5932
2308 2726
2309 4406
2310 7689
2312 3078
2313 3374
2314 7650
2316 9200
2316 2562
2316 3177
2318 8930
2319 8470
2319 5420
2320 2970
2321 4377
2322 3098
2323 6066
2323 2484
2324 3158
2325 4542
2327 2379
2327 5133
2327 5823
2329 6740
2329 8431
2330 4996
2330 8236
2330 6334
2330 6031
2331 5294
2332 3590
2332 2983
2332 6888
2333 6466
2333 2723
2333 3399
2334 8009
2337 3055
2338 6987
2338 3166
2339 5168
2339 6816
2339 3294
2343 5502
2345 7156
2345 2523
2346 8420
2348 8588
2348 2989
2348 2462
2349 3607
2350 6621
2351 2362
2352 3991
2353 2848
2353 5857
2354 4666
2355 4114
2355 9780
2355 2904
2355 8062
2356 5971
2356 4168
2356 9551
2357 9830
2358 2852
2359 2883
2359 3220
2360 7444
2360 2392
2360 6143
2361 3347
2362 2880
2362 8215
2363 4883
2364 5193
2364 3915
2365 2606
2365 5055
2366 5447
2366 2876
2366 6238
2368 7868
2369 2531
2369 4166
2369 3880
2369 9545
2370 4249
2373 6357
2374 4358
2374 3003
2376 8996
2377 5913
2377 9257
2377 3262
2378 2681
2379 3498
2379 5069
2380 8644
2381 7182
2382 6835
2382 2411
2384 5027
2384 5885
2384 9615
2386 5121
2386 2644
2387 7315
2387 4285
2392 2957
2393 4066
2393 6023
2395 7498
2396 7180
2396 4429
2397 6917
2398 4911
2399 3577
2400 4928
2400 5740
2400 4109
2400 2670
2400 6559
2401 7551
2402 3134
2402 5326
2402 9934
2404 2873
2405 7345
2405 4196
2406 4512
2406 8766
2409 4723
2409 4039
2410 2812
2411 5143
2414 3806
2415 9304
2416 4654
2417 2755
2417 4079
2418 7898
2418 5005
2419 6817
2419 5097
2419 9453
2421 5654
2421 2796
2422 7824
2422 3190
2423 6103
2424 9636
2425 4639
2426 3234
2428 7406
2430 4262
2430 4157
2431 3610
2432 8750
2433 8110
2435 2532
2436 7329
2436 4290
2437 2965
2437 6476
2438 4016
2438 5406
2441 4353
2441 6339
2443 2536
2445 2554
2446 2519
2448 9819
2448 3279
2449 6755
2449 9095
2451 3480
2451 8303
2453 3033
2453 5629
2454 6897
2454 4183
2455 4811
2456 3877
2457 2996
2457 2808
2458 3926
2458 6346
2459 2767
2460 9078
2461 8190
2462 2934
2462 2603
2462 4766
2463 2510
2464 7938
2464 6660
2464 5081
2464 9097
2464 3997
2466 5651
2466 4789
2466 3210
2466 7535
2467 4538
2467 2654
2469 3808
2469 5994
2470 2488
2471 9335
2473 3571
2473 4408
2473 7933
2474 5942
2475 3065
2476 4269
2477 3509
2477 2634
2478 2572
2478 2751
2481 7062
2482 2498
2482 4926
2483 2842
2483 3914
2483 2749
2484 8034
2484 6195
2485 3137
2485 8182
2486 5432
2486 8955
2487 3688
2487 2956
2490 9152
2492 3501
2493 5488
2493 5491
2493 8679
2494 2684
2496 3331
2496 8517
2497 5764
2497 9781
2498 2960
2499 3229
2500 2742
2500 7926
2500 4603
2501 4220
2502 4897
2502 6918
2502 4135
2503 5520
2504 3819
2504 5374
2505 9748
2506 3152
2506 4022
2506 2940
2508 4009
2511 8977
2512 8980
2512 4093
2513 8149
2514 5199
2516 6042
2517 6692
2517 2665
2517 7803
2518 3601
2518 8651
2519 9699
2519 6264
2520 2931
2523 5219
2523 3496
2524 2915
2524 4185
2525 5187
2525 3113
2525 6492
2525 8126
2527 3089
2528 5765
2529 8768
2531 4483
2533 3185
2534 3716
2535 5096
2535 6940
2536 2542
2537 2544
2537 4421
2537 9081
2538 7270
2539 5492
2540 7942
2540 8653
2541 4663
2542 3588
2542 7573
2542 3486
2545 3432
2545 2714
2546 9618
2546 4819
2548 6022
2548 2942
2549 9075
2549 2614
2549 4215
2550 4501
2550 5914
2552 2737
2553 9043
2553 5671
2553 5756
2553 3359
2555 8017
2555 4246
2556 5513
2557 3296
2557 8306
2558 9531
2558 2972
2560 9162
2562 3671
2563 3540
2564 4497
2564 4333
2565 5080
2565 4029
2566 7461
2569 3776
2569 9424
2569 9332
2570 6735
2572 6045
2572 3903
2574 4077
2575 9171
2575 8890
2575 6283
2575 6701
2575 5950
2578 3652
2579 8152
2580 2690
2580 4140
2580 4061
2580 3519
2581 9319
2582 3624
2582 9386
2583 9823
2584 9311
2585 7749
2585 3583
2586 4627
2587 5253
2587 4089
2588 3676
2588 2799
2589 3309
2591 5247
2593 2809
2594 5021
2595 8094
2597 6750
2598 3843
2598 3845
2598 3020
2599 3729
2599 3142
2599 3639
2599 9726
2600 7720
2601 9328
2602 8596
2603 7833
2604 3493
2604 9903
2606 6838
2606 3503
2607 5580
2608 5817
2609 3025
2610 6183
2611 6122
2613 8919
2613 4636
2613 6429
2614 3282
2614 2835
2614 7254
2616 8208
2616 4536
2617 8242
2617 2708
2617 2735
2618 3100
2620 4219
2620 6523
2620 7421
2621 3591
2621 3343
2623 3595
2625 6676
2626 5481
2627 6067
2627 5930
2628 7597
2629 2897
2631 5660
2632 3764
2632 6887
2632 6605
2633 3777
2635 6885
2636 4308
2636 3837
2637 3368
2637 3592
2637 3470
2638 3251
2638 6780
2638 4831
2640 7668
2642 5766
2643 5684
2643 5246
2644 7506
2644 7630
2645 2773
2645 9849
2646 3594
2646 3871
2647 3322
2648 5360
2648 7452
2649 2817
2649 4152
2649 7418
2650 7880
2652 4001
2652 6243
2653 8775
2655 3922
2655 4643
2655 5591
2655 4172
2655 8573
2656 6311
2656 5422
2658 8640
2658 3474
2659 3789
2660 6719
2662 3006
2663 5890
2663 9460
2663 4871
2663 6647
2663 4780
2664 9654
2664 5292
2665 2754
2665 7243
2666 2710
2667 4528
2667 3310
2668 7730
2668 5356
2669 7761
2669 2946
2669 7497
2669 4251
2669 2828
2670 4551
2670 7624
2670 8703
2671 8132
2671 9062
2671 3599
2672 7040
2672 3126
2672 2887
2673 3646
2674 5708
2675 3472
2675 5926
2676 8613
2677 3272
2677 5627
2677 2701
2677 3247
2678 5517
2679 4493
2681 6322
2681 7779
2681 2831
2682 3586
2682 4407
2683 4964
2683 3039
2686 3491
2687 6388
2688 3235
2689 9718
2689 4167
2691 7932
2692 5382
2692 8012
2692 3357
2694 4274
2694 8652
2694 8334
2695 2963
2695 3545
2695 5674
2695 3165
2696 5584
2696 2932
2696 6427
2697 5409
2697 4828
2698 6140
2699 4065
2699 7391
2700 9506
2700 4452
2700 4599
2700 5767
2700 3037
2701 7556
2703 7794
2704 9826
2705 4784
2705 3732
2705 8374
2705 9180
2706 3048
2712 6484
2712 4281
2715 6348
2715 6541
2716 3271
2716 4328
2718 8432
2718 4778
2720 4514
2721 8649
2724 3969
2724 6212
2725 3735
2725 7560
2726 4995
2726 7226
2726 3807
2727 3395
2730 5638
2731 6106
2731 3759
2731 4895
2731 8831
2732 8185
2732 3146
2733 3104
2733 7027
2733 4309
2733 6408
2735 4352
2735 7004
2735 9389
2736 9397
2736 7257
2738 4993
2738 4036
2739 6753
2739 5516
2740 4930
2740 5050
2742 6185
2743 4689
2743 6163
2743 3653
2743 2890
2745 6201
2745 6665
2745 9612
2746 3840
2746 9840
2746 8486
2746 3822
2749 6054
2749 7446
2749 3965
2751 7588
2751 3898
2751 3647
2752 5842
2753 6018
2755 4500
2756 6490
2757 4893
2758 6848
2759 7046
2759 3658
2759 6442
2760 8612
2761 6208
2762 3027
2762 2966
2764 8225
2764 3790
2765 9968
2765 9010
2765 3516
2766 4642
2766 3828
2769 4693
2771 3742
2772 3507
2772 6297
2774 3679
2775 3720
2775 6060
2775 9870
2776 6015
2777 6081
2777 2818
2777 8143
2779 4691
2779 4255
2781 3425
2781 5458
2782 6796
2783 6980
2783 8708
2783 5454
2784 7426
2784 3605
2784 3786
2785 3443
2785 7525
2785 3350
2786 9941
2786 6359
2786 9291
2788 3867
2789 4575
2790 4214
2790 5450
2790 5662
2792 4598
2792 4697
2794 4176
2794 9110
2794 8729
2796 7751
2796 5053
2797 5698
2797 9544
2799 5924
2800 6034
2800 5159
2801 4376
2803 4665
2805 4801
2805 4797
2806 3553
2806 8351
2807 6765
2809 3851
2809 7003
2810 6192
2810 2879
2811 8939
2811 4366
2812 4855
2813 3875
2813 6248
2815 7858
2815 3241
2815 6939
2816 8956
2817 6036
2820 4456
2823 2896
2824 5910
2826 8805
2826 4254
2828 6965
2829 2862
2830 4006
2833 6576
2833 7745
2834 3622
2834 4365
2835 3160
2836 8086
2836 8655
2837 3107
2837 3191
2837 5499
2839 6517
2841 5252
2841 5302
2842 7683
2842 3462
2842 4535
2843 5268
2843 6966
2843 2888
2844 3224
2845 4866
2845 2853
2845 4141
2846 7160
2847 8608
2847 7890
2847 3598
2848 7997
2851 4569
2852 5075
2852 5784
2853 6668
2854 6258
2854 3661
2854 6111
2859 8970
2864 4701
2865 5066
2866 8214
2868 3815
2869 4577
2869 7529
2870 6210
2870 6537
2870 7146
2870 4427
2871 5257
2871 6123
2873 3648
2873 4345
2873 3183
2876 3012
2876 7482
2877 4055
2881 3983
2882 5285
2883 4296
2883 5129
2883 8265
2883 3195
2884 9249
2885 4354
2885 6594
2888 5908
2889 6597
2889 3129
2890 4004
2890 4985
2890 3228
2890 3711
2891 8870
2891 6159
2893 4014
2894 6562
2894 3923
2894 3638
2894 3551
2895 4211
2896 3536
2896 5841
2896 3273
2896 3948
2896 6222
2898 7747
2898 9517
2899 7739
2900 7058
2901 9197
2903 4263
2905 6624
2905 3365
2906 6379
2908 8139
2908 3868
2909 4923
2909 3069
2910 5664
2911 4154
2914 4748
2915 6240
2915 2955
2916 8401
2917 3077
2918 8786
2920 9957
2920 4426
2921 5905
2921 4786
2921 3445
2921 5191
2922 8849
2922 4617
2922 4236
2923 5681
2923 3998
2923 6446
2924 3290
2925 9156
2925 3016
2926 3008
2926 9973
2927 6292
2927 8100
2927 9391
2928 8092
2930 7196
2931 3523
2931 5284
2931 5174
2932 3745
2932 3823
2935 4662
2935 3135
2936 9282
2936 2998
2937 8307
2937 5988
2937 6871
2938 5745
2938 4931
2939 3694
2940 4741
2943 9944
2945 3323
2946 7271
2947 8698
2947 3885
2947 5645
2949 6266
2949 7723
2950 8201
2951 4256
2951 4182
2951 7323
2951 9758
2952 5840
2953 8788
2955 5679
2957 9195
2959 7103
2960 5541
2960 5228
2960 5087
2961 4091
2962 5118
2963 3330
2963 3931
2964 5947
2966 5657
2966 3164
2967 3695
2968 3038
2969 5547
2970 8838
2970 5592
2970 4457
2972 5417
2972 4572
2973 6038
2973 6822
2973 8966
2973 5242
2974 3108
2974 7413
2974 3215
2975 3779
2975 3243
2976 4468
2977 5892
2978 4805
2978 5606
2978 7496
2979 9971
2980 4218
2980 3212
2980 6028
2981 6436
2981 7548
2981 9118
2984 3570
2984 8874
2984 7691
2985 4808
2985 8458
2985 3500
2988 6664
2990 5769
2991 3859
2992 3479
2995 8723
2995 6263
2996 3576
2997 4616
2998 5490
2999 7008
3000 3157
3000 8040
3002 4980
3003 6127
3004 8389
3010 7255
3010 3369
3010 7801
3010 5691
3010 6062
3011 3414
3011 5528
3011 4813
3014 3549
3015 8503
3017 4195
3017 6680
3018 7369
3018 5164
3022 3718
3022 6396
3024 7627
3024 3996
3025 9600
3025 8007
3025 5865
3025 5677
3026 7679
3028 7232
3028 3030
3030 5521
3030 3378
3030 3765
3032 7879
3033 5697
3034 4307
3034 4915
3034 3159
3036 7676
3037 3632
3038 3149
3039 7925
3039 9806
3040 6025
3040 4558
3042 4273
3043 8912
3044 6107
3044 4397
3045 3409
3045 4499
3045 8455
3045 4392
3046 4992
3046 7016
3047 4329
3049 7644
3050 3623
3050 5319
3051 4498
3051 9519
3052 8628
3052 4682
3052 3358
3053 5494
3053 7401
3054 3520
3054 4143
3058 4409
3059 6695
3059 4120
3059 7866
3060 4288
3061 6856
3062 3705
3062 7662
3065 3301
3065 4293
3065 4008
3068 8958
3069 8780
3070 5786
3071 4834
3071 3464
3071 7485
3071 9693
3071 3902
3072 9046
3073 9175
3075 5921
3076 4306
3076 7213
3076 4862
3077 5134
3079 7653
3080 9261
3080 5631
3081 7225
3082 6096
3082 8052
3082 6809
3082 4765
3085 7173
3085 6234
3085 8990
3086 4611
3087 9490
3087 4764
3088 3810
3089 4321
3089 3155
3089 7283
3089 8118
3089 4983
3090 3739
3091 6793
3093 5282
3093 9762
3093 6252
3093 7214
3095 6674
3095 9730
3095 5204
3095 3963
3095 3391
3096 4725
3096 4918
3096 6360
3097 3771
3098 9844
3098 3896
3099 5689
3099 4348
3100 8042
3102 3189
3102 3511
3103 3487
3104 4047
3105 7499
3105 9055
3107 5658
3107 3660
3110 3809
3111 7192
3111 9112
3112 6251
3113 5623
3113 3342
3114 4201
3115 4731
3116 7503
3117 3804
3118 3967
3120 7457
3120 6974
3122 4684
3124 7137
3125 4922
3128 4187
3129 7318
3129 4859
3131 9030
3132 7681
3133 5094
3135 7936
3135 3476
3135 3947
3136 4869
3137 3514
3138 7020
3139 4722
3139 4118
3140 9466
3141 5974
3141 3550
3141 6782
3144 3376
3144 4975
3149 4905
3149 5562
3149 3933
3149 5342
3152 8404
3152 5240
3156 3268
3158 6158
3159 6055
3159 4108
3160 5320
3161 6432
3161 4948
3161 4842
3161 5130
3162 6991
3164 4470
3164 3578
3165 5116
3167 8737
3168 5155
3168 6910
3169 3939
3169 4231
3170 3316
3170 9478
3173 5864
3173 3385
3173 3756
3173 4046
3174 4005
3175 5687
3175 4297
3178 5973
3180 3657
3182 4641
3182 5460
3182 5182
3183 7477
3184 7338
3186 4040
3186 6233
3186 3615
3188 7621
3188 7609
3188 3326
3192 5577
3193 3504
3193 4962
3193 4011
3194 4413
3195 6363
3196 4332
3197 3891
3199 5715
3200 6386
3200 3396
3201 3524
3201 3575
3202 3361
3202 3560
3204 4721
3204 9765
3206 4417
3208 3286
3208 5819
3208 3293
3209 4998
3210 3717
3211 4224
3211 9798
3212 3980
3213 8482
3214 6751
3215 8643
3217 8597
3220 5860
3221 4713
3221 3724
3223 9796
3224 3552
3225 6997
3225 5438
3226 4927
3228 7121
3229 6903
3231 3892
3231 9558
3232 4676
3232 6839
3234 7595
3235 9235
3236 9901
3238 4549
3238 6686
3239 4194
3239 8233
3240 3906
3240 5746
3240 3973
3240 7510
3240 3613
3241 7961
3242 5858
3243 8968
3243 7769
3244 3865
3244 4299
3245 5233
3248 4637
3249 4258
3249 8371
3252 3747
3253 3953
3253 4984
3254 5586
3254 3416
3254 6335
3256 3529
3256 9580
3256 8205
3257 3700
3257 3484
3257 7006
3258 5140
3259 6257
3259 3461
3261 7276
3262 6853
3262 6582
3262 9226
3263 5341
3264 4113
3264 6798
3265 8622
3265 4159
3266 3634
3267 7877
3267 5307
3269 4761
3269 4668
3270 7314
3272 3665
3273 3791
3274 4012
3275 5601
3276 8911
3277 3289
3278 7331
3280 7337
3281 5152
3281 6007
3281 5759
3282 4774
3284 6930
3284 3558
3285 5202
3285 7781
3285 6265
3286 5065
3286 6588
3287 9904
3288 7202
3296 8564
3296 5690
3297 4097
3298 8756
3299 6666
3301 7569
3301 6756
3301 3383
3302 9729
3302 6344
3303 9201
3303 4130
3304 6993
3306 7603
3306 8341
3308 3668
3308 3477
3308 5114
3309 7823
3310 3932
3310 6847
3311 4750
3312 8595
3313 7559
3314 9509
3314 4471
3314 3981
3315 7082
3316 9072
3318 3788
3319 7566
3321 9951
3322 4181
3322 3453
3323 9585
3323 3490
3323 8841
3326 8433
3327 3538
3328 7143
3329 8001
3329 5078
3329 4138
3330 6914
3333 3535
3334 3803
3338 8178
3340 4382
3342 4062
3343 6355
3343 7164
3343 6783
3344 7786
3344 3436
3349 8162
3351 6274
3351 4403
3351 9707
3352 9060
3353 5977
3355 5876
3356 3440
3356 5379
3357 3419
3357 4587
3357 9035
3357 8541
3358 3686
3358 5403
3359 8131
3359 5644
3360 3813
3360 4311
3361 3561
3361 5449
3361 7788
3363 9827
3364 8999
3365 8903
3365 8557
3367 8563
3368 4726
3369 7515
3370 4132
3370 4476
3371 8321
3372 4979
3375 4534
3376 4241
3378 3713
3378 4085
3378 8873
3379 9553
3379 6786
3379 7913
3379 4043
3380 3546
3381 4080
3381 7466
3382 9040
3384 3537
3384 5074
3384 9206
3385 5806
3386 9916
3387 7825
3387 4284
3388 5347
3388 8311
3389 9236
3390 6760
3391 7397
3393 4319
3394 3619
3395 8234
3397 8297
3398 7037
3400 6077
3401 9642
3402 3899
3406 7407
3407 4145
3407 7993
3407 4379
3408 8313
3409 7092
3409 4316
3410 9676
3412 5100
3414 7200
3415 6245
3415 3542
3417 4018
3417 6803
3417 5015
3418 9914
3419 8654
3420 7212
3424 4584
3424 5596
3425 9044
3425 7045
3428 5736
3430 4942
3430 9374
3431 3513
3431 3930
3432 5089
3432 7670
3433 8244
3433 7355
3434 9923
3434 9178
3435 5251
3435 7939
3436 4324
3437 6821
3437 4250
3437 4298
3438 9477
3438 6167
3439 4363
3440 5376
3440 9518
3444 4810
3445 4437
3446 8172
3447 4313
3448 4341
3451 6341
3451 4502
3452 5141
3453 7251
3453 9315
3454 5035
3454 5518
3458 4914
3459 5524
3459 4381
3460 5462
3460 5399
3461 5223
3461 3757
3461 4445
3462 3663
3464 5048
3465 8894
3466 4892
3468 6873
3468 9915
3470 4612
3470 4283
3472 6598
3472 5470
3473 7941
3474 7476
3475 7339
3476 5634
3477 6587
3478 8263
3479 6003
3479 8419
3479 5799
3480 4576
3484 8038
3484 6412
3486 4516
3487 9843
3488 3824
3489 8112
3490 6382
3490 6959
3490 7775
3491 4912
3491 6779
3493 5558
3493 5497
3494 5062
3494 4428
3495 5987
3496 4017
3497 3678
3499 7034
3500 5587
3501 6281
3502 3568
3502 5239
3504 6784
3504 6703
3505 8623
3506 5301
3507 9813
3508 5331
3509 8724
3511 4400
3511 6241
3514 3916
3514 6270
3516 4919
3516 4970
3518 5602
3518 8026
3522 8036
3522 9883
3523 5952
3523 5834
3523 8028
3527 4817
3529 6979
3532 8356
3536 3670
3540 6135
3541 4438
3542 4425
3542 8427
3544 6085
3546 4035
3546 6499
3547 5126
3547 7032
3548 7642
3548 6651
3549 5234
3549 4340
3550 7454
3551 8776
3553 9789
3553 7247
3554 5105
3554 3874
3555 5110
3556 4852
3556 4101
3556 7468
3558 6290
3558 7289
3559 5923
3560 3901
3561 3825
3561 3572
3561 7959
3562 5607
3562 4796
3563 5704
3564 7706
3564 7835
3565 7123
3565 5372
3568 9639
3569 4490
3570 7140
3570 7867
3570 5775
3572 5306
3573 8736
3576 5049
3577 5082
3577 4253
3578 8847
3580 5568
3581 4878
3584 6549
3584 8585
3584 5293
3585 6437
3585 3900
3586 3866
3586 5535
3587 7085
3588 4816
3589 4315
3591 6868
3593 6894
3594 4660
3595 9000
3597 5751
3597 6221
3599 5178
3600 6145
3602 6404
3602 4638
3603 3637
3603 4156
3604 3719
3604 4286
3605 4513
3606 5249
3606 9089
3607 8941
3609 7191
3611 6113
3611 8826
3612 5755
3612 4973
3613 4865
3613 6084
3613 5551
3614 4537
3614 3644
3615 3814
3615 4600
3615 3821
3616 4710
3616 7707
3617 9323
3619 5135
3622 3944
3625 7826
3625 4486
3628 5752
3628 4026
3628 5132
3628 9470
3629 3811
3631 4495
3632 6330
3633 4380
3634 6121
3634 3738
3636 4265
3637 8810
3638 6554
3639 6209
3639 5478
3639 9817
3640 4325
3640 3816
3641 6850
3641 8616
3641 7965
3643 8363
3643 8491
3644 8344
3644 4041
3645 5888
3645 8785
3647 3920
3648 9910
3648 5963
3649 6165
3649 6282
3649 5931
3649 8046
3653 4795
3654 3684
3656 5960
3656 4125
3657 3725
3659 4336
3659 9790
3660 7117
3661 3857
3664 5696
3666 6945
3669 3912
3669 5211
3670 4461
3670 4607
3672 4272
3673 5916
3673 6399
3675 6581
3675 3950
3676 5259
3677 5056
3678 6138
3679 4280
3681 9316
3681 4042
3682 7354
3682 5389
3683 6493
3684 4248
3685 7760
3685 8978
3686 6347
3688 7157
3689 6637
3690 8309
3690 5383
3690 3769
3690 4779
3691 4119
3694 9633
3694 7246
3696 5613
3699 6242
3700 5033
3701 4267
3705 5641
3705 6154
3706 4148
3707 4391
3708 5313
3708 4517
3709 8550
3711 3772
3712 6614
3713 7139
3714 6801
3715 4314
3716 4245
3716 4431
3717 5700
3717 8454
3718 4896
3718 7179
3719 3847
3720 5428
3722 4646
3722 5624
3727 9068
3727 6573
3729 8834
3731 4160
3731 7076
3732 9986
3732 6411
3733 4755
3733 4552
3737 7210
3737 6188
3738 4565
3740 4787
3740 7699
3741 5642
3743 6050
3744 4388
3744 6445
3745 9165
3746 5511
3747 8562
3748 6443
3749 7052
3750 8858
3750 4031
3751 9034
3751 4446
3752 6921
3758 7383
3758 5387
3759 5457
3759 9595
3760 9855
3761 8769
3762 9587
3762 9033
3767 8200
3768 6802
3768 9022
3769 4357
3770 5351
3771 8500
3774 6880
3774 4289
3777 9406
3778 9508
3781 7750
3781 9084
3782 9017
3783 7170
3783 6387
3784 5111
3785 3884
3785 6463
3788 8288
3788 3905
3788 7222
3788 5897
3789 5955
3790 5625
3793 5001
3797 4978
3798 4087
3798 9018
3800 8004
3800 4374
3801 5995
3801 7359
3802 6999
3802 4826
3802 8157
3803 4000
3803 5753
3804 9245
3806 5846
3808 5920
3808 6544
3808 9405
3811 9367
3811 5149
3814 5303
3814 7690
3815 8284
3816 4807
3819 4053
3821 4364
3822 4472
3825 9371
3828 7659
3829 6332
3830 4422
3830 8877
3831 9488
3832 7762
3834 9248
3834 9947
3835 4773
3836 9869
3838 4874
3840 5621
3841 9704
3844 9360
3844 4092
3845 9505
3846 7872
3847 6052
3847 7095
3851 6168
3852 4609
3853 6626
3857 7889
3857 3878
3857 5455
3858 9070
3861 4706
3863 7064
3863 7743
3864 8773
3864 7927
3864 4028
3866 8347
3870 7099
3870 4126
3870 8783
3872 8948
3872 8991
3874 7869
3874 5070
3877 7892
3878 7317
3878 5308
3879 6530
3879 5163
3880 5201
3880 4238
3881 6299
3883 8754
3883 4571
3885 4375
3886 6645
3887 7601
3887 9501
3889 9363
3889 5205
3889 8237
3890 6874
3892 8119
3892 8794
3893 5579
3893 5964
3894 7172
3895 4070
3896 6235
3896 7966
3897 8947
3897 7322
3899 7608
3900 4903
3900 5578
3901 8555
3903 5570
3903 4451
3903 9007
3904 5503
3906 8145
3907 4792
3907 6973
3908 8979
3908 5227
3908 4221
3908 6301
3908 5967
3910 8179
3910 3949
3911 6148
3912 6223
3913 8614
3914 6410
3915 8617
3916 4518
3916 6654
3917 5325
3918 6580
3920 6134
3923 5411
3924 4529
3924 5843
3925 7771
3927 4482
3927 4907
3928 8705
3928 4707
3929 5610
3931 4462
3934 5768
3935 7080
3936 6279
3938 8098
3939 6627
3941 5909
3941 6773
3942 4531
3943 5707
3949 9632
3949 8147
3949 5546
3950 5966
3951 8946
3952 6362
3952 7487
3953 6757
3953 9243
3954 7722
3958 8451
3958 5158
3958 6220
3959 4439
3959 8206
3960 5086
3960 5822
3964 7673
3964 4990
3967 5043
3968 4596
3968 4696
3970 4546
3970 7068
3970 4909
3972 6788
3972 4349
3972 4783
3972 7439
3974 4857
3976 5678
3981 7490
3983 8604
3985 9066
3986 9105
3988 6808
3991 4768
3991 9352
3995 4727
3996 4213
3998 7241
3999 4095
4000 6418
4004 4021
4004 5710
4006 6447
4007 6435
4013 9894
4013 4939
4013 4492
4014 7340
4015 6194
4016 4369
4016 8015
4017 9669
4017 9080
4018 9542
4018 4139
4019 6479
4021 6886
4022 7380
4022 4870
4022 6639
4025 5605
4026 5922
4027 4515
4028 4478
4029 6632
4032 7821
4032 8317
4033 5203
4034 5423
4038 8133
4038 9853
4040 7077
4040 4655
4041 7267
4042 5196
4043 6720
4043 6291
4047 8928
4048 5128
4048 5933
4050 6950
4051 6450
4051 8127
4052 5017
4053 8194
4055 4590
4056 8294
4056 5959
4057 8087
4061 5186
4061 8322
4061 5274
4061 5853
4062 9361
4063 4952
4065 4718
4067 4178
4074 8000
4074 6978
4075 8013
4076 4753
4077 4999
4078 9129
4079 9440
4079 4519
4080 6505
4080 4634
4081 6946
4083 8855
4083 8495
4084 6384
4085 4771
4089 5600
4089 7199
4090 5434
4090 4268
4091 8425
4092 5435
4093 6996
4093 5397
4093 6502
4094 4699
4095 5495
4095 6599
4096 9419
4099 4442
4099 9067
4101 5712
4101 6119
4102 8694
4104 4310
4105 6191
4107 5694
4107 6911
4108 9522
4109 9392
4110 5815
4111 7526
4111 7625
4113 5468
4114 4533
4115 4592
4115 6503
4116 4853
4116 9863
4119 5659
4120 8079
4121 5603
4121 4756
4121 4715
4122 7194
4122 6733
4123 5576
4126 6981
4126 8713
4127 7632
4128 5217
4131 7578
4131 4395
4132 4177
4132 6278
4133 6736
4133 4728
4134 5553
4134 4370
4134 9273
4134 6586
4134 4846
4135 4717
4136 6035
4136 4460
4138 5461
4138 4588
4138 7549
4142 4161
4142 5730
4142 4398
4145 5101
4147 7325
4148 8305
4154 5795
4157 9220
4157 5142
4159 4305
4159 7641
4161 4291
4161 5812
4167 4595
4167 6351
4168 9326
4170 7409
4170 5595
4171 9962
4173 6164
4175 5761
4177 9491
4177 5322
4177 7626
4179 5807
4180 9241
4181 5162
4182 7072
4183 7411
4183 9482
4186 7845
4186 7758
4187 5714
4188 9547
4192 6477
4193 4337
4195 8984
4195 6269
4197 4585
4197 5901
4199 9498
4201 7721
4202 4567
4202 5727
4204 7142
4205 6271
4205 8863
4206 6814
4208 5572
4208 7207
4208 6061
4209 6039
4210 5028
4211 9701
4212 6800
4212 7007
4213 5486
4214 8029
4215 4901
4218 6217
4219 6953
4221 9380
4222 5336
4224 8256
4224 5245
4224 7373
4225 4917
4225 7403
4225 7054
4226 4705
4227 6698
4227 6907
4231 4623
4232 8405
4233 5911
4235 9638
4236 6276
4236 7643
4237 7782
4238 8090
4238 7836
4241 4798
4242 9874
4243 4658
4243 7528
4245 6678
4246 5192
4247 4432
4250 7568
4250 8340
4250 8589
4251 4331
4252 4775
4252 6079
4254 5180
4257 7831
4258 6059
4260 9094
4260 5867
4261 4645
4261 4982
4261 5400
4266 5350
4267 5984
4267 6289
4267 4510
4267 7294
4269 5363
4270 5735
4270 8942
4271 7455
4271 8159
4273 6328
4275 6247
4275 7086
4276 9662
4278 5548
4278 4479
4279 5832
4280 4749
4283 6570
4284 8861
4285 6640
4285 6849
4285 9137
4285 7734
4286 8502
4287 7937
4290 6482
4292 7509
4293 8124
4296 7792
4297 5265
4299 9967
4300 4362
4300 9341
4301 9496
4302 8685
4304 9912
4305 9254
4309 4994
4309 6806
4309 5879
4309 5311
4311 8082
4313 7585
4313 8116
4313 8391
4314 7702
4317 5945
4318 9619
4318 6667
4320 7591
4320 8350
4321 8281
4322 4626
4322 8740
4323 7712
4323 9275
4325 5635
4326 5927
4328 8410
4328 9981
4330 7736
4331 7604
4331 6026
4331 6863
4334 5280
4335 5395
4336 4703
4338 5693
4339 8546
4339 4574
4340 9737
4345 6901
4345 6072
4345 7598
4347 5483
4347 5565
4348 5739
4350 7533
4351 5258
4353 7561
4354 4393
4355 7324
4356 9603
4356 5430
4356 7209
4359 6177
4359 4450
4361 5445
4362 7759
4363 9387
4364 5177
4367 5144
4368 4511
4369 8204
4375 8674
4376 7220
4377 4904
4379 7147
4379 6829
4381 5238
4381 8108
4384 4530
4386 7102
4387 5117
4387 6366
4387 8414
4389 6416
4394 5436
4394 8061
4394 8109
4394 7231
4395 5067
4395 7115
4398 8202
4400 6453
4400 6902
4401 5025
4401 4418
4402 6574
4404 8536
4408 7033
4408 7145
4408 4586
4412 8111
4415 9569
4416 6827
4417 5893
4419 5980
4421 5721
4422 8717
4423 6738
4425 5609
4427 7930
4427 4877
4429 8196
4430 4661
4430 6927
4431 6256
4431 6716
4432 7579
4433 4880
4434 7534
4435 7066
4435 9723
4436 8018
4437 6448
4438 5837
4439 5018
4441 6661
4444 9750
4444 4732
4445 6160
4449 4933
4449 8213
4449 4667
4451 5760
4454 6237
4455 8493
4456 5255
4458 8138
4459 5620
4460 8710
4462 5418
4464 6771
4464 8627
4464 4854
4464 5611
4466 4934
4467 4888
4467 5391
4470 4648
4470 9401
4472 6260
4475 9954
4475 5229
4477 7855
4481 9487
4482 9568
4482 5997
4483 5063
4483 5831
4484 5948
4485 7733
4486 9169
4486 5337
4487 5965
4495 5016
4497 7203
4499 6799
4500 9102
4502 7797
4502 9263
4503 9952
4503 5300
4508 5061
4509 5774
4511 9306
4512 8097
4512 4532
4515 9877
4515 6350
4516 8835
4516 6295
4518 4629
4520 5953
4520 7268
4520 8904
4521 7364
4522 6519
4525 6321
4525 7358
4526 4832
4528 5392
4528 5029
4528 5305
4531 6727
4532 4624
4535 6869
4535 9583
4539 5722
4539 5567
4540 6589
4541 7375
4545 7312
4545 4737
4546 6146
4549 6101
4550 6908
4551 7724
4552 6579
4552 6828
4553 5003
4554 5555
4554 9191
4554 9207
4555 6316
4558 8413
4559 9769
4561 6090
4561 6860
4565 5106
4566 5232
4566 7307
4567 5729
4567 4622
4569 7116
4569 8668
4570 9684
4570 4602
4570 5709
4571 8020
4572 5808
4573 9344
4575 9767
4577 8358
4578 6607
4579 6310
4580 8574
4582 6198
4582 6732
4588 5288
4590 5059
4590 9740
4591 6032
4591 7780
4591 7349
4591 6774
4593 8578
4594 6610
4595 4664
4596 6744
4600 4745
4601 6558
4602 8135
4603 7015
4604 5504
4605 8403
4605 9695
4608 7507
4608 4644
4613 8181
4619 5077
4619 5310
4620 9462
4620 4908
4622 4686
4624 8146
4625 5936
4628 7972
4629 8787
4630 7387
4632 9290
4632 9579
4633 5618
4633 5510
4633 7611
4634 8074
4636 5889
4637 5273
4639 8437
4639 9373
4641 6365
4641 9294
4643 5224
4643 9407
4644 6037
4644 4860
4645 6648
4646 5297
4647 8512
4647 7547
4648 9987
4651 9810
4651 4820
4651 4821
4654 8571
4655 6715
4658 8386
4660 7971
4660 6742
4661 9882
4662 9184
4665 6567
4665 7245
4667 9388
4671 5441
4671 9172
4672 8068
4672 5304
4672 9274
4675 7456
4676 5970
4678 8552
4679 9012
4679 5943
4682 5175
4682 7469
4684 8607
4686 8316
4686 9133
4687 8387
4687 4925
4690 8487
4691 6456
4692 5237
4692 8197
4693 6601
4696 5064
4698 6422
4698 4799
4700 6547
4703 7459
4703 6093
4703 9069
4707 6371
4707 7491
4707 4758
4708 6711
4708 8191
4711 5824
4713 5183
4714 8003
4715 9858
4715 7433
4716 7571
4716 5006
4717 7163
4718 5777
4719 6652
4720 6356
4720 9610
4721 6889
4722 6615
4722 6444
4722 5181
4724 8055
4727 9846
4727 7596
4727 7677
4729 8869
4729 5798
4730 9646
4734 8985
4734 6302
4735 7742
4737 4884
4740 9906
4741 7078
4741 9834
4742 8544
4742 8954
4742 6622
4747 5206
4755 6342
4755 5355
4761 7291
4761 8798
4762 6944
4763 8511
4765 8154
4769 7784
4772 5312
4772 8411
4774 5633
4774 8219
4774 7692
4775 7350
4775 6216
4775 7071
4777 5534
4780 7719
4784 5810
4786 5473
4788 4977
4788 5269
4790 5008
4790 7084
4791 4873
4792 9425
4797 5538
4798 8286
4798 6383
4800 7680
4800 8744
4802 4886
4803 6948
4806 5327
4809 5104
4810 6056
4811 7150
4812 5425
4812 5267
4813 6983
4814 5146
4819 6349
4820 5796
4820 7371
4824 6340
4824 7001
4826 6986
4827 9635
4827 7557
4830 8383
4835 7028
4837 5556
4837 5869
4840 5427
4842 6345
4842 5054
4845 5724
4846 6115
4846 7321
4847 7708
4848 7911
4849 5472
4849 4924
4855 5686
4855 6858
4855 5404
4856 5692
4857 9426
4857 9602
4857 8879
4862 5345
4864 8258
4865 4902
4866 8051
4866 6393
4867 4906
4868 8610
4874 6952
4875 7586
4876 7205
4885 6353
4885 4965
4886 8027
4887 6929
4888 6430
4890 9473
4891 5523
4891 5215
4892 9825
4892 7239
4892 6830
4893 6826
4897 8449
4898 7727
4900 5938
4901 6211
4901 9805
4902 7904
4906 8378
4906 9931
4910 9774
4911 7030
4914 7177
4914 9865
4915 9182
4917 6785
4921 5024
4921 8599
4922 7328
4922 9266
4922 7564
4923 7628
4924 8731
4925 8083
4926 9450
4926 9038
4927 7923
4928 7975
4929 5826
4929 5014
4931 9994
4934 5899
4937 9125
4938 8586
4940 6197
4940 8475
4941 6995
4941 8522
4942 7799
4945 5231
4946 6772
4947 9138
4948 6105
4949 5000
4949 8828
4950 6683
4950 5628
4951 9027
4953 9747
4954 9935
4957 7725
4961 5452
4961 5022
4964 6219
4964 7660
4965 6964
4966 6832
4967 8044
4968 5214
4970 5349
4970 8825
4971 7112
4980 5489
4980 5207
4983 7193
4985 7236
4985 7221
4985 7846
4988 6928
4990 7158
4990 5176
4991 5935
4995 6369
4996 5039
5000 5354
5000 5550
5001 7443
5001 9526
5004 9155
5004 6013
5008 5329
5009 5031
5010 9283
5011 9686
5011 8045
5012 6070
5015 7774
5017 7648
5018 7849
5020 7963
5021 6320
5026 7151
5027 7269
5027 6859
5028 9649
5033 6487
5035 6552
5036 9650
5043 6461
5051 9483
5054 6815
5055 6005
5056 6600
5059 6560
5060 7242
5061 5281
5061 6057
5062 5160
5064 5616
5064 8137
5064 8171
5067 6406
5069 8005
5070 8641
5071 5749
5077 7473
5077 7795
5078 6644
5078 5530
5079 7070
5080 8224
5082 8372
5082 8471
5082 6638
5082 6767
5083 8993
5085 7958
5086 5167
5087 6957
5088 5785
5088 9049
5091 8516
5091 5194
5094 5998
5095 6724
5095 5925
5103 6754
5106 9265
5106 9269
5107 6325
5108 5368
5109 9468
5110 9461
5111 6619
5112 8136
5114 9403
5115 8106
5116 5655
5116 5309
5117 7772
5120 8084
5121 7715
5124 5944
5124 6524
5125 7285
5126 9948
5127 9680
5128 8450
5131 7701
5133 5656
5135 9013
5135 6286
5136 6723
5136 7230
5137 7223
5139 5564
5140 6181
5142 9651
5142 5416
5144 6787
5144 5398
5146 9190
5146 6287
5147 9689
5147 8014
5149 7348
5150 7854
5153 9731
5153 7128
5154 6378
5156 6485
5161 5169
5161 8223
5162 5630
5163 7184
5165 6938
5165 8814
5166 9428
5169 8683
5170 5352
5171 5479
5173 8446
5175 6419
5175 7949
5176 7954
5179 6998
5180 6891
5181 6307
5181 8755
5181 7382
5182 5221
5184 5863
5184 7272
5186 6041
5187 5862
5188 5419
5190 6087
5192 6182
5195 7616
5196 5272
5201 5335
5203 7424
5203 8790
5205 7756
5206 8059
5208 8357
5208 8781
5209 7056
5210 9238
5211 8720
5212 8971
5213 6915
5213 5421
5214 6338
5216 6390
5216 8441
5217 6643
5218 6431
5220 6514
5221 6764
5224 6193
5224 7357
5225 8579
5225 5243
5226 6465
5227 9733
5228 9042
5228 6700
5229 5979
5230 8186
5231 9495
5235 8048
5235 9989
5236 6425
5238 7574
5239 6048
5239 7009
5239 5770
5240 5695
5245 6110
5246 7517
5251 6358
5252 8921
5255 8982
5257 5385
5257 7098
5259 5830
5261 7737
5262 5377
5263 6392
5264 5705
5265 7664
5266 8545
5271 7396
5272 5688
5272 6312
5273 5429
5274 5328
5274 9065
5275 8230
5277 5531
5279 6075
5283 9793
5283 9965
5287 5493
5289 7599
5290 7436
5293 5370
5294 9751
5300 7895
5301 8070
5301 7229
5303 7489
5305 5381
5305 5818
5308 6500
5309 9077
5310 8749
5315 6893
5315 7951
5322 7475
5323 6694
5326 6440
5326 8476
5331 9889
5339 6064
5340 6083
5340 7162
5341 7479
5342 5956
5342 5366
5342 5371
5343 5456
5343 8260
5347 8337
5347 8678
5347 8216
5348 8382
5349 7367
5352 5990
5355 8820
5355 5439
5355 6175
5358 8170
5363 6010
5363 6078
5365 6438
5366 9516
5367 7260
5368 8195
5368 6377
5370 7105
5372 8633
5375 7400
5375 8088
5378 6865
5380 8408
5381 5426
5385 5946
5385 8255
5388 9349
5388 9837
5390 7575
5390 7293
5391 8888
5392 7763
5393 8523
5394 5554
5396 7465
5396 5854
5397 5803
5398 6526
5399 8247
5401 9331
5401 8918
5403 5782
5404 7562
5405 7612
5406 6423
5407 8951
5409 9677
5410 5529
5411 6136
5412 8626
5415 5448
5416 6309
5416 9163
5418 6577
5419 8832
5421 8075
5422 9264
5424 9658
5432 9437
5432 5598
5434 6457
5434 8793
5435 6102
5435 7896
5438 5508
5438 7197
5439 6230
5441 7405
5441 8910
5444 7012
5444 6535
5448 7806
5449 7053
5452 6065
5452 8067
5452 5929
5454 5480
5454 9945
5455 6131
5456 9841
5457 9158
5459 6758
5462 7119
5463 9599
5465 7437
5471 7141
5471 8901
5475 9418
5476 9136
5477 7813
5482 5902
5483 9809
5486 9409
5486 6132
5486 6791
5486 9607
5487 6634
5488 8997
5488 5789
5489 6591
5491 9678
5493 8989
5494 5845
5498 5851
5498 8047
5499 6130
5499 7766
5500 9540
5502 6602
5504 7539
5507 9281
5508 8081
5509 9503
5511 8799
5515 7881
5515 9532
5516 6726
5518 5835
5524 7500
5525 6407
5527 6569
5529 8697
5531 7233
5531 8158
5533 8759
5534 8907
5539 9204
5540 6261
5540 6616
5546 6824
5547 5701
5547 9064
5551 7165
5556 5811
5559 7284
5561 7298
5563 9763
5565 9653
5565 5884
5566 9134
5566 5615
5567 9497
5569 8761
5571 6575
5573 7909
5577 6376
5577 8584
5577 6811
5583 7316
5584 7090
5584 5983
5585 7713
5585 8037
5586 6975
5590 6831
5591 7814
5593 8672
5593 7686
5596 5887
5596 9679
5597 6789
5602 5685
5602 6150
5603 8246
5603 5839
5604 6080
5605 6489
5608 6401
5611 6936
5620 6743
5621 9964
5624 7674
5627 6179
5627 6725
5630 9995
5631 6104
5631 6553
5632 6373
5635 5778
5635 6051
5635 7572
5637 7577
5638 6877
5639 8275
5639 9196
5645 7460
5647 5762
5648 6960
5648 8355
5648 6308
5649 7665
5649 9628
5649 8271
5652 6608
5652 9559
5652 5737
5654 9229
5654 6094
5655 7195
5655 6972
5657 9539
5661 5703
5663 7554
5663 9961
5663 5791
5664 9444
5667 6583
5668 5734
5670 7458
5670 9764
5670 7897
5672 8444
5673 9648
5676 9756
5682 5706
5683 6417
5687 5731
5687 6697
5692 7944
5694 6144
5698 6794
5701 8650
5702 8407
5707 8929
5710 8480
5710 7279
5717 9571
5718 6120
5722 9716
5724 6202
5728 9946
5730 8302
5731 7025
5731 8629
5731 9621
5733 9451
5734 9720
5735 9759
5740 6673
5743 7637
5745 7159
5746 8457
5747 6564
5749 5780
5750 9244
5751 8733
5755 8142
5755 8463
5757 9792
5758 7640
5762 7384
5763 7791
5765 7862
5765 9549
5769 6452
5771 8113
5772 8332
5773 9176
5775 6696
5779 7829
5782 9943
5784 7211
5785 9714
5786 6663
5786 6617
5789 7051
5790 6763
5791 8949
5793 6464
5793 8464
5793 9267
5795 6646
5795 6687
5797 8896
5798 7864
5798 6971
5802 7537
5802 7428
5804 6855
5807 9122
5809 8251
5812 9700
5812 9223
5812 6280
5812 8940
5815 6606
5816 7970
5816 7050
5818 7252
5818 8965
5819 7667
5822 7532
5823 5972
5827 6333
5829 7802
5830 6900
5830 6074
5831 8393
5831 9087
5834 9736
5835 6397
5840 7097
5841 9644
5843 8361
5843 6173
5843 6478
5844 6691
5844 6870
5847 6924
5847 6367
5850 8499
5850 7798
5856 6420
5857 9417
5857 6956
5858 9980
5860 5866
5862 9173
5865 6545
5865 7765
5865 9804
5866 5900
5867 7976
5868 9036
5869 6810
5872 8960
5877 6990
5878 6737
5878 9622
5880 6628
5881 8994
5882 7238
5883 7305
5884 9295
5885 8718
5887 9205
5890 7175
5895 6029
5896 8934
5901 8817
5907 8261
5907 9053
5910 6933
5912 6262
5913 9815
5914 7991
5914 9031
5917 7023
5918 6139
5918 7133
5922 7125
5924 9310
5925 7700
5927 9143
5927 6507
5931 7852
5936 9709
5937 5949
5939 7920
5941 7385
5942 8209
5942 9465
5942 9469
5944 8501
5945 8360
5945 7998
5947 7582
5948 6213
5949 8732
5953 9434
5954 6536
5956 8273
5957 8969
5960 6455
5962 6006
5962 8394
5964 6845
5964 5999
5966 6707
5966 9930
5967 9242
5968 9455
5971 5989
5972 7969
5972 9682
5974 7614
5977 6531
5978 7301
5981 8430
5983 7386
5986 6458
5988 7021
5988 7519
5992 8290
5992 9645
5993 6752
5995 6147
5996 8865
5997 9260
5997 6157
6001 9839
6005 7950
6007 7449
6009 7777
6012 8141
6013 6413
6014 7731
6016 6820
6020 9411
6020 6916
6021 8822
6021 7789
6028 9667
6029 7361
6032 7511
6033 7216
6036 6690
6036 9899
6037 7773
6039 9378
6041 8117
6042 8535
6042 6298
6045 6684
6048 8560
6048 9325
6048 8974
6050 9302
6055 7903
6060 6343
6064 9576
6065 7698
6066 9907
6073 8066
6073 6566
6078 6657
6080 6375
6087 8818
6088 7107
6092 6705
6093 6625
6097 7327
6100 7014
6101 7394
6103 6896
6105 8728
6108 6875
6111 7606
6114 7398
6119 9760
6119 9588
6120 8240
6122 6317
6124 7235
6128 7061
6129 9210
6133 7044
6135 9390
6136 7657
6137 7186
6137 9966
6141 7463
6143 9972
6143 6775
6146 6528
6146 6331
6159 9794
6161 7943
6161 7915
6162 8727
6162 7471
6166 7388
6168 6878
6169 7057
6170 7735
6171 7807
6174 8529
6174 9051
6175 9833
6176 8906
6177 7907
6180 9715
6186 9959
6191 7410
6193 6596
6193 7755
6194 8962
6195 8696
6200 7902
6202 6508
6204 8006
6205 9862
6207 8689
6211 7152
6211 6881
6211 6548
6211 8492
6211 8687
6212 9977
6216 8468
6217 9355
6218 8602
6219 6689
6220 9681
6221 8312
6223 8065
6225 9814
6231 9524
6231 7420
6232 8183
6232 9867
6232 6414
6237 6578
6239 7372
6239 7550
6242 7065
6243 9246
6246 7138
6249 9811
6254 9886
6260 8010
6261 9692
6264 6635
6268 7581
6272 9312
6274 9166
6275 7000
6277 8661
6277 8699
6282 6699
6283 8656
6284 9237
6288 7617
6289 7049
6291 9494
6291 8952
6293 8796
6296 8176
6297 9664
6297 9592
6298 6766
6300 6603
6301 6852
6302 6876
6302 7389
6303 9203
6306 8774
6307 8120
6307 9085
6309 7615
6310 8064
6313 9479
6315 8314
6322 8837
6323 9890
6325 7174
6326 7430
6332 8716
6333 8807
6337 9786
6340 6540
6343 8763
6345 9871
6346 9546
6347 9308
6348 8439
6349 8385
6349 9892
6349 8023
6350 9829
6350 7610
6350 6989
6351 6759
6352 8155
6356 8886
6359 7264
6360 7087
6362 9560
6362 8490
6365 8021
6365 6823
6372 8323
6380 9144
6383 6561
6384 8902
6386 8101
6388 7488
6388 7083
6391 7168
6396 6728
6400 9464
6401 9446
6408 7672
6408 6510
6413 7330
6414 7504
6415 6867
6420 7081
6421 8019
6422 7992
6425 9358
6431 9090
6434 8292
6436 8220
6437 6904
6439 8963
6440 9848
6442 9597
6444 6739
6444 6954
6445 9314
6445 8504
6445 9023
6449 6941
6449 6702
6454 9732
6454 9895
6455 7922
6455 8187
6462 9061
6467 8399
6470 8369
6472 7445
6473 9557
6482 8163
6482 9445
6482 7274
6485 7861
6489 9564
6490 9852
6492 6593
6492 7462
6494 6629
6494 8198
6497 8466
6499 7545
6500 9525
6509 7540
6509 8909
6515 6776
6518 7275
6519 6778
6524 7832
6527 7010
6530 8296
6531 9396
6532 7300
6536 7687
6536 8415
6542 9111
6544 6672
6544 6571
6545 6675
6547 8343
6547 7308
6549 7039
6550 7921
6552 8851
6554 7313
6563 8238
6564 9448
6574 8959
6575 9099
6575 8269
6580 8479
6582 9854
6592 8228
6594 7453
6595 7296
6596 9570
6596 8534
6597 7390
6601 8540
6604 8860
6607 9812
6607 8988
6612 9561
6613 6840
6614 9755
6615 9091
6617 8676
6620 7320
6621 8658
6621 7914
6622 7655
6624 8002
6625 9589
6629 8885
6630 9385
6632 8782
6632 7663
6635 7770
6636 7929
6637 8279
6641 7047
6643 8830
6644 6745
6644 9167
6645 7682
6653 6857
6653 8553
6654 9198
6658 9301
6658 9958
6660 8592
6665 8270
6667 8566
6671 7910
6672 7990
6672 7543
6674 8537
6674 9933
6675 8833
6677 8248
6679 9132
6685 8161
6687 7536
6687 7819
6694 8293
6697 6762
6698 8843
6704 9107
6707 7501
6708 8549
6711 9489
6713 8053
6713 8844
6718 8539
6727 8765
6728 8998
6731 8647
6731 9596
6735 9802
6737 8291
6744 6797
6744 7183
6746 9757
6759 8129
6763 8328
6767 9778
6774 7412
6774 9430
6776 8657
6777 8156
6778 8739
6779 6864
6784 7899
6784 8123
6786 7952
6787 9530
6793 9126
6793 7934
6807 8072
6808 7217
6809 9121
6810 8738
6813 8510
6818 9150
6829 9251
6830 9816
6835 9807
6838 9534
6842 8166
6844 8346
6847 8663
6847 9340
6852 7600
6852 9808
6852 7131
6852 7310
6853 8257
6863 7176
6865 6872
6866 8513
6869 7448
6870 9533
6875 8916
6876 8577
6876 7785
6882 7768
6883 7602
6885 8160
6886 8854
6892 6920
6893 9908
6894 8506
6899 7563
6900 7495
6900 9359
6901 7987
6902 7244
6902 8396
6913 7114
6919 8274
6926 8398
6927 8992
6928 7002
6932 8033
6932 9368
6935 7208
6939 8964
6939 8872
6940 9400
6942 7553
6942 9640
6944 9932
6945 8144
6946 9185
6947 7544
6949 7148
6950 8719
6956 8498
6959 7201
6959 9228
6964 8474
6970 9696
6970 7522
6972 7633
6973 7336
6973 9963
6977 9956
6977 8280
6985 7041
6986 8375
6992 9056
6992 8857
6994 8367
6998 7266
7001 9744
7001 7964
7001 7565
7002 8426
7003 7402
7006 9009
7008 8267
7016 7703
7017 7520
7019 9783
7025 8816
7026 9706
7032 7224
7034 9556
7047 9902
7051 9514
7053 7521
7053 7631
7057 8218
7058 8893
7059 8231
7059 7688
7061 8547
7069 7516
7073 8706
7074 8071
7075 9399
7080 9026
7081 7796
7085 8165
7085 8102
7086 7541
7089 9520
7101 9014
7101 7451
7107 8104
7108 8914
7108 7486
7109 7347
7110 9888
7111 8409
7114 9130
7115 9199
7116 7919
7120 8049
7124 9394
7127 8259
7135 7249
7135 7714
7137 7619
7142 9142
7143 7450
7146 8972
7146 9324
7148 7447
7148 9927
7151 7764
7151 9897
7153 8241
7153 7815
7155 9005
7157 7374
7160 8508
7164 8239
7168 8180
7168 8852
7171 9634
7172 7684
7178 8418
7181 7694
7182 7883
7184 8646
7185 9146
7195 7341
7195 9982
7197 7808
7197 7787
7198 7392
7203 9702
7216 8060
7217 7228
7220 9398
7221 7671
7222 7343
7225 9442
7227 8481
7232 9227
7234 7589
7235 8249
7236 9365
7236 9193
7236 8543
7242 8567
7246 8812
7252 8298
7253 9135
7254 9268
7258 7352
7261 8373
7263 9873
7266 9131
7267 9459
7268 9777
7280 9124
7281 7319
7283 7620
7297 7353
7302 9567
7304 9343
7309 7590
7312 9741
7326 9884
7331 9891
7337 9875
7340 9541
7343 9859
7349 8669
7350 9749
7351 9187
7352 7645
7365 7513
7366 9860
7371 9280
7374 7636
7376 7834
7379 7531
7385 9296
7395 8008
7397 8784
7400 8976
7401 9481
7407 8526
7410 8568
7410 8428
7411 7634
7412 9318
7414 7435
7433 9668
7434 8505
7435 7441
7435 7931
7436 7967
7442 9515
7443 9851
7447 9687
7449 7924
7450 7974
7453 8868
7457 9594
7467 9572
7469 8619
7470 7767
7474 9975
7476 8520
7483 9536
7484 8285
7488 9574
7488 8329
7491 9452
7492 9103
7497 7505
7500 7956
7500 9336
7504 9512
7504 7518
7505 8184
7507 8315
7508 8995
7508 8569
7510 7710
7514 9909
7515 9861
7522 7757
7525 8715
7532 8576
7541 7816
7541 9529
7544 7728
7544 8252
7545 8747
7546 8077
7549 8806
7549 7851
7555 9147
7556 8370
7561 8525
7561 9279
7562 9317
7564 7917
7566 9527
7570 7912
7573 7790
7578 9887
7586 9620
7587 9507
7587 9722
7589 7875
7589 8570
7589 8173
7594 9885
7597 8666
7598 8887
7601 9672
7604 7685
7608 8232
7611 9921
7617 8459
7625 9041
7626 9216
7628 8342
7645 8981
7647 9577
7653 9697
7653 8229
7666 9771
7673 8392
7674 9345
7685 7978
7691 8168
7695 9705
7700 9919
7704 8035
7709 8301
7728 8961
7728 9847
7729 8024
7730 8169
7733 9015
7742 9008
7747 9586
7748 9500
7753 8809
7754 8331
7759 9922
7762 7979
7762 9278
7771 9673
7777 8148
7778 8686
7784 7818
7788 7940
7794 8891
7798 8528
7800 7844
7806 8199
7806 7817
7813 9211
7816 8819
7816 8089
7826 9369
7835 9189
7840 8352
7840 7935
7843 9106
7845 8757
7846 9694
7852 8639
7862 8107
7863 9578
7866 9711
7871 8836
7875 8080
7875 8174
7878 8039
7883 8397
7893 9079
7907 9339
7911 8421
7920 9334
7921 8853
7921 8283
7935 9918
7936 8465
7937 8043
7940 8032
7941 8850
7944 8878
7948 9003
7950 8266
7951 8932
7962 9277
7963 8923
7964 8665
7966 7996
7982 9224
7994 9354
8000 9584
8004 8422
8004 8207
8005 8950
8020 9063
8024 9675
8025 9329
8035 9593
8037 8469
8041 9322
8046 9985
8048 8670
8050 8925
8061 9215
8070 8412
8074 9183
8079 9913
8085 8772
8086 8933
8088 8660
8093 8611
8094 9234
8095 9604
8111 8762
8117 9472
8126 9233
8129 9192
8140 8637
8148 9101
8149 9499
8158 9997
8163 8167
8163 8587
8163 8892
8165 8967
8168 9818
8169 9338
8172 8945
8174 9006
8175 8406
8178 8327
8195 9992
8197 9739
8199 8423
8208 9270
8210 8680
8211 8533
8214 9824
8225 9305
8230 9416
8236 8460
8238 8866
8245 8442
8252 8326
8254 8308
8256 9309
8260 9471
8273 9076
8274 8366
8285 9104
8290 8915
8290 9743
8294 8695
8295 8917
8303 8453
8306 9127
8307 9381
8310 8667
8313 9643
8321 9297
8328 9657
8329 8531
8335 8867
8341 9019
8357 9151
8361 9441
8370 8489
8370 9117
8375 8725
8377 9562
8382 9415
8383 9929
8394 9253
8395 9703
8397 8827
8401 8922
8433 8485
8434 9120
8434 9262
8439 9598
8440 9159
8471 8488
8480 9231
8484 9383
8491 9221
8497 9671
8497 8895
8518 9300
8522 8620
8523 9404
8534 9116
8536 9856
8542 9140
8554 8811
8566 8590
8567 9449
8569 8638
8571 9330
8571 9016
8589 9799
8589 8764
8601 9438
8604 9252
8619 8931
8629 9801
8638 9999
8639 9609
8646 8707
8651 9054
8658 9028
8663 9402
8668 9754
8669 9820
8681 8936
8688 8792
8698 9988
8699 8846
8710 9086
8718 9004
8719 9719
8724 9288
8732 9181
8746 9342
8749 9613
8750 9153
8752 8975
8757 8859
8771 9842
8773 9139
8779 9423
8779 9647
8781 8797
8789 9511
8789 9020
8790 9698
8794 8876
8811 9690
8817 9710
8841 9713
8846 9188
8850 9436
8861 9940
8870 9617
8877 9850
8894 8926
8908 9523
8912 9485
8917 9691
8933 9255
8939 9456
8986 9348
8996 9412
9019 9073
9049 9179
9080 9504
9086 9878
9090 9688
9110 9776
9118 9222
9118 9307
9121 9292
9131 9447
9132 9548
9159 9942
9163 9565
9166 9625
9180 9608
9195 9761
9216 9590
9216 9421
9262 9299
9271 9845
9297 9898
9337 9476
9348 9581
9349 9502
9353 9768
9355 9414
9368 9857
9390 9990
9395 9543
9408 9614
9436 9864
9471 9925
9480 9772
9490 9939
9490 9742
9519 9666
9523 9766
9569 9866
9572 9782
9579 9611
9588 9974
9589 9752
9666 9984
9776 9896
9820 9880
